
19981019,0.12014417300761368,321400.0,-15.312174609531429,-6.829595514617481,-5.978774529435304,-3.128754505406474,-6.407689227072493,-3.175810973167799,1
19981020,0.3721112416764546,330100.0,-16.983744614179397,-8.70191931061493,-7.8331374853113855,-4.893262828045437,-7.6909518213866175,-3.368585977281641,0
19981021,1.4354066985645932,203300.0,-18.696267942583717,-10.619712918660234,-9.66660287081336,-6.766507177033492,-8.501435406698565,-3.2267942583732054,0
19981022,-0.23529411764705382,140600.0,-16.531372549019615,-8.304117647058787,-7.18784313725487,-4.298039215686275,-5.180392156862751,-0.2196078431372586,1
19981023,-0.13558008909548766,444700.0,-17.36645361224095,-9.268061204725907,-8.063528956033265,-5.272128607398802,-4.714313383691661,-0.8793337207050176,0
19981026,-6.112282046369033,790700.0,-18.07290668710482,-10.076259819888843,-8.815098677907592,-6.102701666986017,-4.215366928530376,-1.0806667944050588,1
19981027,1.371496720333925,400700.0,-14.825084476247282,-6.590538660306102,-5.243887895050653,-2.718147485589331,0.1947922878155416,2.3176306897237064,1
19981028,1.731942530997826,497100.0,-15.465262743554433,-7.399134028734506,-5.984648691202485,-3.7374532572328296,0.12989568982482858,0.7439480417240703,1
19981029,0.0,500600.0,-16.60565562657373,-8.761960100716626,-7.34224288204529,-5.253728452450137,-1.0245981018787593,-0.6120472593453467,1
19981030,-0.3502304147465396,637000.0,-20.426359447004632,-13.004792626728115,-11.61658986175111,-9.340092165898618,-5.056221198156699,-4.446082949308754,1
19981102,1.5709642470205805,712900.0,-21.83893102202964,-14.59245214879016,-13.21668472372694,-10.806247742867455,-6.0111953773925615,-5.243770314192855,0
19981103,0.8819897689186805,465900.0,-23.43614394073029,-16.357735050273398,-14.944081848650498,-12.024166519668356,-7.189980596225085,-5.1825718821661715,0
19981104,0.3389225829468386,518200.0,-22.370585087406354,-15.241705315733128,-13.763110952550777,-10.09364966107741,-5.46735640385301,-2.2440242597217313,0
19981105,-0.22831050228309702,654400.0,-23.35739374780471,-16.358447488584442,-14.865472427116208,-10.478573937478028,-5.885142255005267,-1.8897084650509317,0
19981106,-0.5752291928815392,937200.0,-21.350350530289415,-14.251662771885654,-12.662951644795939,-7.257774582060055,-2.9498472047456503,0.9167715261549487,0
19981109,0.4629629629629629,561400.0,-18.80037037037037,-11.551111111111059,-9.765185185185125,-3.5555555555555194,0.314814814814818,3.451851851851847,0
19981110,-0.591151792524781,632100.0,-16.218535469107543,-8.81502669717767,-6.921052631578902,-0.08485888634628569,3.7051868802440846,4.908466819221965,1
19981111,2.5545403691963404,263200.0,-17.90620921126236,-10.712474361364869,-8.669401454409792,-1.602647771769513,1.9298899869475976,1.674435950027962,0
19981112,0.0,631200.0,-16.676237249716678,-9.449565545900969,-7.101246694370918,0.016055912353630835,3.505855685681921,1.4884775217226986,0
19981113,0.0,287700.0,-13.256281900274846,-5.812131919905721,-3.0930506478209128,4.0164899882214495,6.919905771495875,3.6317235963879106,0
19981116,0.9827044025157232,334300.0,-13.015133647798763,-5.638364779874172,-2.5758647798741734,4.231525157232702,6.1615566037735805,2.527515723270429,0
19981117,0.49377839225755477,418400.0,-12.46336164329452,-5.123049575350529,-1.7242741457633344,4.703732964645458,5.488840608334958,2.318783330041462,0
19981118,-0.2577319587628776,431600.0,-12.014076130055525,-4.707375099127608,-1.0689928628072414,4.9187153053132615,4.7720063441713,1.4393338620142726,1
19981119,1.630106661300065,638000.0,-10.575971020326026,-3.2276111893740618,0.6733749245321597,6.370497081907846,4.8943449386194455,1.6623062990541368,1
19981120,0.11320754716981563,301400.0,-16.021603773584893,-9.153396226415044,-5.210566037735812,-0.1433962264151087,-2.152830188679255,-3.9094339622641563,0
19981123,1.0678871090770448,179800.0,-14.996662852784132,-8.065217391304303,-3.8668954996185563,0.9467963386727505,-1.4054157131960372,-2.2883295194508064,0
19981124,-0.11538461538461975,239400.0,-14.139807692307704,-7.184038461538424,-2.837307692307639,1.9634615384615264,-0.6557692307692191,-0.9346153846153927,1
19981125,0.0,205100.0,-12.96379914363566,-5.9813156870377435,-1.5017516543401812,3.2493188010898892,0.10509926041258823,0.6267029972751958,1
19981127,2.3696682464454977,231400.0,-15.07383886255923,-8.333080568720362,-3.84189573459712,0.6739336492890712,-2.530805687203793,-0.8265402843601894,0
19981130,0.0,376500.0,-17.35794512981034,-10.846437120235688,-6.378567482968103,-2.212299760633393,-4.709998158718481,-3.192782176394774,0
19981201,-0.7052709725315562,167600.0,-16.539439495174452,-10.024684484038616,-5.392353377876737,-1.5710838901262305,-3.392724573125469,-1.8856718634001581,1
19981202,0.11333585190782447,504800.0,-14.899886664148077,-8.347941065357,-3.5024556101246267,-0.1775595013222673,-1.2410275783906377,0.2115602568946012,1
19981203,-0.9028530155290717,224400.0,-18.481130371975418,-12.266341639581068,-7.530516431924858,-4.637053087757321,-4.700252798844351,-2.759118815456854,1
19981204,1.0286554004408566,345700.0,-16.911094783247577,-10.644746509919155,-5.738795003673721,-3.2200587803085714,-2.182218956649527,-0.4592211609110948,1
19981207,0.10689470871191015,190800.0,-19.23686085872081,-13.19472652770353,-8.345269909139454,-6.089435239622304,-4.569748797434536,-2.807767682166413,0
19981208,0.8888888888888888,255900.0,-19.230311111111064,-13.253333333333305,-8.327466666666623,-6.089777777777751,-4.095999999999991,-2.1724444444444466,0
19981209,-0.23343508708923588,319600.0,-18.243041838750194,-12.263242952055998,-7.25731729215293,-4.853654156940185,-2.4690249595977733,-0.20111330579996745,0
19981210,0.581184162731566,266500.0,-17.13567017798762,-11.124409734834707,-6.064656738103844,-3.635125317835089,-0.684707591718143,0.8245550308753967,0
19981211,-0.688372093023251,175000.0,-14.948651162790672,-8.814139534883696,-3.6915348837208795,-1.2111627906976674,1.9218604651162683,3.025116279069763,0
19981214,-0.47447333459859564,322100.0,-13.078098310874903,-6.852723476940585,-1.611691022964448,0.9423040425128195,3.664832036439561,3.7919908901119848,0
19981215,0.2509168114263568,187700.0,-11.453966415749814,-5.133178922987802,0.08569774174875801,2.746574020459374,5.026056745801967,3.8409573441420473,1
19981216,-0.11721039265480597,288200.0,-10.23500683727285,-3.837663606173041,1.4565344793905537,4.0457120531353885,5.956241453408868,3.3404961906622406,1
19981217,0.1140034201025939,219900.0,-12.54436633098989,-6.28576857305715,-1.048451453543566,1.4069922097663012,2.5346760402812007,-0.4104123123693731,0
19981218,0.0,149300.0,-13.713229790419124,-7.537799401197548,-2.25112275449097,0.2208083832335236,0.7934131736526937,-2.0359281437125767,0
19981221,1.1766938698045257,229100.0,-12.334313911558144,-6.074587208198841,-0.5014234200037465,1.6179540709812095,1.5752514708673475,-0.641487948377303,0
19981222,-3.6237471087124185,338200.0,-10.828835774865063,-4.498457979953678,1.3461835003855587,3.1505397070161827,2.3188126445643573,0.9367771781033096,1
19981223,-0.3457548981943905,194000.0,-10.999711870918171,-4.693046484825128,1.2235881674990814,2.7996542451018116,1.2677679600461078,0.9220130618517034,1
19981224,-0.34084453701950335,47800.0,-12.132929369437612,-5.865555765953364,0.03900776368117809,1.475099412989957,-0.5964779397841274,-0.4430978981253584,1
19981228,2.274899636780726,196900.0,-11.174823169566054,-4.8046262664881905,1.1072452685911192,2.402982221372569,0.07837889504874176,0.07646721468170359,1
19981229,-0.11047689191677826,278200.0,-14.315871846805397,-8.099797459031448,-2.4643712023568143,-1.3680721782360692,-3.308782912907391,-3.0123365862640448,1
19981230,0.10785547366527982,324400.0,-16.214722272155306,-10.084846305949974,-4.57415063814484,-3.5511414704296307,-4.9164120079094005,-3.965486248427113,1
19981231,2.290610246546603,563100.0,-18.359765693302997,-12.337471585941545,-6.9627557265255655,-5.810456373491857,-6.4609197412134876,-4.7910473859066185,0
19990104,-1.984126984126984,1013200.0,-25.72166666666666,-20.14111111111107,-15.201587301587255,-13.892063492063484,-13.441269841269845,-10.336507936507937,0
19990105,0.10366275051830541,217100.0,-19.01338977194195,-12.84139599170692,-7.462681409813361,-5.977885279889428,-5.017277125086391,-0.48030407740153036,0
19990106,0.43192812715964063,253000.0,-18.86592950932965,-12.618866620594277,-7.24671734623354,-5.826710435383544,-4.120594333102968,0.7532826537664008,0
19990107,-0.7660167130919181,295800.0,-18.06598189415043,-11.751392757660119,-6.353412256267372,-5.001740947075217,-2.4181754874651737,2.1552924791086343,0
19990108,-0.21238938053096892,307500.0,-16.525840707964615,-10.100707964601728,-4.576283185840669,-3.3495575221239036,-0.008849557522115845,3.610619469026547,0
19990111,0.1097092704333558,329400.0,-13.601481075150856,-6.965441579813437,-1.2762845127079392,-0.1846772718961662,3.6441762662278205,4.000731395136227,0
19990112,-1.3683634373289546,589900.0,-13.627075351213296,-7.047254150702388,-1.376391169494586,-0.3065134099617233,3.8733807699324765,2.6528005838350546,1
19990113,-0.9478672985781991,661900.0,-10.104739336492917,-3.342559241706143,2.41819905213275,3.5924170616113402,7.634123222748817,4.7165876777251174,1
19990114,0.0,519700.0,-13.605000000000045,-7.201272727272706,-1.7854545454545054,-0.35545454545455035,3.1163636363636336,-0.45454545454545453,1
19990115,1.14545454545455,403300.0,-13.43281818181822,-7.088727272727262,-1.8469090909090369,-0.009090909090900823,2.7181818181818267,-0.9999999999999948,1
19990119,0.23008849557522576,467600.0,-15.565663716814191,-9.435929203539796,-4.437168141592866,-2.3212389380531016,-1.1592920353982195,-2.987610619469031,0
19990120,1.509630400832895,418500.0,-17.067239285094608,-11.085892764185289,-6.287003296893936,-3.8729828214471613,-3.140725316675334,-3.9111573833073137,0
19990121,-0.5505238856331065,180100.0,-14.97558160184698,-8.89184869472561,-4.066062866275934,-1.298170839992912,-1.148996625821356,-0.3942461374533854,1
19990122,-0.21501523024548388,326000.0,-14.061010571582209,-7.916681598279843,-3.1417308726034237,-0.06181687869557661,-0.5554560114674829,0.7883891775667402,0
19990125,-0.10702818408848068,504100.0,-14.284873349982236,-8.18801284338207,-3.444523724580751,-0.15073135925794784,-1.0774170531573428,0.7170888333927953,0
19990126,0.24528301886792936,591800.0,-9.198679245283119,-2.738679245283011,2.1064150943396602,5.632075471698112,4.3150943396226396,5.211320754716982,1
19990127,4.33159073935773,554200.0,-9.999906646751413,-3.5573188946975165,1.0619865571322338,4.644324122479484,2.9910380881254603,2.59148618371919,0
19990128,0.23529411764706346,323800.0,-12.595022624434481,-6.262986425339334,-1.8733031674207696,1.528506787330349,0.2932126696832562,-0.9303167420814403,0
19990129,0.3404407812219991,286200.0,-13.305769575345048,-6.931553485038505,-2.6812399211610463,0.5258914173087417,-0.5679985665651193,-1.924386310697004,0
19990201,-0.6727272727272681,249900.0,-11.873363636363738,-5.310909090909064,-1.0890909090908643,1.8072727272727396,0.8963636363636531,-0.8654545454545437,1
19990202,0.0,440500.0,-13.287500000000094,-6.774107142857121,-2.656785714285676,-0.6357142857142506,-0.9946428571428483,-1.56428571428571,1
19990203,-2.3220338983050803,536100.0,-17.538813559322122,-11.251694915254214,-7.290847457627084,-5.593220338983034,-5.796610169491529,-4.725423728813554,0
19990204,0.33368458025993125,364300.0,-14.411661397962849,-7.783983140147489,-3.798384264137634,-2.2602739726027257,-2.277836318932192,-0.684931506849316,0
19990205,0.0,243000.0,-12.444035874439567,-5.600358744394605,-1.6261883408071194,-0.32556053811657876,-0.20269058295964043,1.4134529147982002,1
19990208,0.2393665991530021,265100.0,-9.990793592340363,-2.9513901675566294,1.0672067759160622,2.115632480206225,2.121156324802064,3.8482784017676233,1
19990209,-0.7830574835379921,260100.0,-12.855490300765341,-6.038263036127408,-2.1430859583555417,-1.1674675209112049,-0.7278875244705572,0.4413596725396062,0
19990210,-1.1223944414751517,242400.0,-12.609745234277655,-5.775164796009248,-1.918047389987502,-0.9442365936219511,-0.16390522002495253,-0.473899875289516,0
19990211,0.351461339252678,596200.0,-9.105160932297537,-2.0586385497595194,1.8283388827229372,2.96984831668515,3.438771735109141,2.271550129485746,0
19990212,-0.5773887129819243,451900.0,-8.334419817470758,-1.267275097783557,2.523002421307529,3.557459489662847,3.7567517228534104,2.2089774632147514,0
19990216,0.0,237400.0,-6.805597579425228,0.3490922844175686,4.091149773071123,4.943267776096804,4.945158850226932,3.2337367624810773,0
19990217,-1.0830324909747298,646300.0,-6.27142314269437,0.8911267338020569,4.481094432833004,5.074102223066659,4.8033441003229935,2.3712711381341394,0
19990218,0.9924573243350535,941700.0,-2.012802699484016,5.421794362842434,8.986105597459323,9.047240968638318,7.772925764192147,4.660579595077395,0
19990219,1.3993104846886995,807300.0,0.17684039748520197,7.702900020279886,11.074427093895773,10.703711214763707,8.564185763536791,5.005069965524227,0
19990222,-0.12000000000000455,1030900.0,-1.1344000000000847,6.211600000000033,9.291600000000017,8.594999999999985,5.915999999999983,2.0799999999999983,0
19990223,0.0,1492600.0,0.4282233502537397,7.782131979695466,10.694416243654842,9.557360406091357,6.50152284263959,2.1604060913705583,0
19990224,-0.5319148936170213,2103600.0,5.278510638297793,12.847446808510682,15.65063829787236,14.163829787234036,9.644680851063832,4.655319148936175,1
19990225,-0.9736667404292935,1838000.0,9.5084089400309,17.227705244523182,19.903961053330413,17.81035627351185,11.615401637530432,6.550121708342556,1
19990226,2.4890190336749587,972300.0,3.5556368960467504,10.779962350972644,13.129052499477112,10.57623928048524,4.191591717213967,0.08366450533361043,0
19990301,-0.902564102564098,1429100.0,1.6113846153845146,8.595076923076968,10.822153846153869,7.720000000000001,1.1692307692307697,-2.358974358974356,0
19990302,0.0,1396400.0,4.0467142557210805,11.159143397018717,13.278605920638245,9.479319756456,2.445937434390088,-0.7432290573168303,1
19990303,0.393293314013657,454100.0,2.6306147795486505,9.65265990478164,11.505278410267008,7.142413578969138,0.10970813496170001,-1.5980128337818371,0
19990304,-0.12565445026178487,412600.0,3.8676439790574766,10.985759162303678,12.574659685863868,7.22094240837695,0.7329842931937203,0.6282722513088945,0
19990305,1.882352941176476,639500.0,6.110160427807389,13.434652406417118,14.728556149732613,8.424598930481263,2.3401069518716606,2.3272727272727294,0
19990308,0.0,2028400.0,6.410036457216287,13.77761098005576,14.798627493030217,7.725713060261587,1.8807634570019198,1.6813210379583936,0
19990309,2.8650011460004583,2335300.0,13.739743295897203,21.54366261746504,22.30575292230115,13.909007563602993,7.59798303919321,6.839330735732281,0
19990310,1.675977653631285,2010200.0,10.939106145251278,18.470837988826805,18.88446927374302,9.779888268156409,4.402234636871506,2.574301675977656,0
19990311,0.13892104653855586,1506900.0,14.965038203287701,22.606621903218347,22.756193563324885,12.247047927761049,7.710118082889554,4.167631396156511,0
19990312,1.4218009478672884,1262000.0,12.091514330850686,19.374858948318664,19.201986007673213,8.309636650868866,4.1976980365605945,0.4333107650643039,0
19990315,0.446428571428566,976900.0,16.71816259398482,24.109962406015043,23.489191729323323,11.455592105263147,7.027725563909773,2.6503759398496243,0
19990316,0.30769230769231376,1573000.0,17.573846153846027,24.812071005917144,23.688047337278128,11.015384615384608,6.539644970414196,2.750295857988163,0
19990317,0.44970414201182896,1292700.0,17.555384615384494,24.575384615384596,22.705798816568056,9.786982248520705,5.105325443786974,1.5668639053254416,0
19990318,0.14391940513313092,1472800.0,19.099184456704155,26.025425761573523,23.577356680259072,10.219477092828019,5.063564403933808,2.2115615255457044,0
19990319,-2.646030953569651,2109000.0,23.90064902646021,30.86445332001995,27.71592611083375,13.549675486769837,7.66849725411881,4.248627059410879,1
19990322,1.6363636363636431,1368800.0,28.855324675324596,35.811428571428564,31.907012987013022,16.657142857142848,9.919480519480526,6.363636363636371,0
19990323,0.306670074111928,914900.0,26.71850242780467,33.33912599028878,28.895476616406874,13.485816509072324,6.999744441604899,3.0564784053156093,0
19990324,0.3142183817753458,851300.0,29.74587588373914,36.290652003142185,31.20398009950253,15.125687352710168,7.915684734223628,3.4668761455878454,1
19990325,0.8335574079053572,1215600.0,33.11535358967462,39.56708792686207,33.784350631890334,17.145738101640244,9.204087120193606,3.8289862866361912,1
19990326,0.0,570700.0,23.881822734101142,29.599148723084628,23.931397095643483,8.09464196294441,0.5908863294942519,-3.3800701051577406,1
19990329,0.7822356800403613,1703500.0,24.783118849356516,30.21549331314659,24.125157708806476,7.789553368660096,0.6384052485490613,-2.053999495331837,1
19990330,0.7746308399903178,1674100.0,19.66521423384165,24.547567175018134,18.414427499394833,2.6410070200919726,-3.6819172113289778,-4.981844589687744,1
19990331,3.73443983402489,1840000.0,13.922660212079252,18.312125403411684,12.159059474412185,-2.82503457814662,-8.017519594283083,-7.123098201936385,0
19990401,1.694915254237288,860000.0,11.66372881355926,15.69920903954799,9.349152542372883,-5.131073446327696,-9.24745762711864,-5.758192090395484,0
19990405,1.2547613712749162,587900.0,10.675218462917256,14.467622675330457,7.894689670625145,-6.17633878557025,-8.996190902980075,-4.458884158637692,0
19990406,-1.616303583977507,1586000.0,15.64324197704374,19.404544389786818,12.183181072850804,-2.374092293277132,-3.8791286015460265,1.3164675568048667,1
19990407,11.274626157132683,3878300.0,17.123308806076327,20.74697365297883,13.013054830287219,-1.2544505103251864,-1.8893899833847767,3.052456681699488,0
19990408,0.8064516129032202,1820400.0,7.539341761115888,10.708805579773282,3.4655623365300703,-9.202266782911963,-8.232345248474298,-4.280732345248486,0
19990409,0.15709156193895935,3340500.0,10.689856373428999,13.80026929982045,6.126570915619398,-6.358842010771994,-3.8599640933572843,-1.3061041292639313,1
19990412,-1.1235955056179776,1226000.0,10.813820224719027,13.808988764044953,5.786516853932606,-6.21123595505617,-2.705617977528091,-1.2314606741573075,1
19990413,0.1304347826087006,902500.0,7.181956521739051,9.991739130434773,1.9104347826087382,-8.89565217391304,-4.493478260869566,-3.0130434782608755,0
19990414,-0.669401857050318,1125800.0,6.444828330814017,9.162167998272515,0.8529475275318881,-9.067156121787932,-4.053120276398191,-1.8570503131073188,0
19990415,-0.4245810055865871,1969200.0,10.124804469273666,12.840446927374312,3.8659217877095378,-5.617877094972042,-0.40223463687150773,1.0592178770949805,0
19990416,0.7425149700598856,1172000.0,17.96754491017957,20.75856287425153,10.502994011976094,1.1712574850299675,6.155688622754492,6.9748502994011945,0
19990419,0.27347310847766054,1347700.0,12.208523245214128,14.68892433910666,4.54375569735646,-3.304466727438475,0.8318140382862235,1.4995442114858573,0
19990420,1.9936007875953607,915100.0,21.11493969972916,23.57223726310609,12.161949298547892,4.692345557469853,8.390351956682252,6.975141521043554,1
19990421,-0.31041069723018755,718900.0,17.443290353390537,19.642311365807064,8.220630372492867,1.895893027698178,5.095510983763133,1.6666666666666676,1
19990422,2.272727272727273,448500.0,11.749090909090834,13.709999999999988,2.452272727272761,-2.353409090909089,-0.39545454545454434,-3.572727272727279,0
19990423,0.4342857142857091,555200.0,12.339085714285618,14.154057142857141,2.4717714285714494,-1.045714285714293,-0.011428571428577275,-2.107428571428581,1
19990426,0.15797788309636712,250700.0,10.879823967501611,12.485669149176246,0.7366283006093584,-1.8032046941999695,-1.3179869104039792,-3.1505303543218255,0
19990427,-0.840909090909085,453500.0,11.616249999999907,13.053636363636349,1.0059090909091204,-0.6147727272727398,-1.0772727272727358,-0.9363636363636342,0
19990428,0.13892104653855586,456400.0,13.645172493632716,14.948136142625623,2.4514934012503176,1.466774716369542,0.05556841861542234,1.528131511924065,0
19990429,0.5969436485195797,346900.0,17.11795606494736,18.221346704871067,5.1427889207258755,4.461556829035315,2.499999999999993,3.6914995224450795,0
19990430,-0.16916384726921285,990500.0,18.445505074915335,19.33421942967621,5.978250362493968,5.37699371677139,3.6491058482358576,3.7989366843885826,1
19990503,-1.0880316518298658,1150600.0,21.102126607319423,21.720079129574714,8.002967359050489,7.308358061325405,5.2077151335311616,4.297725024727991,1
19990504,0.13911430558774673,877300.0,13.479480639925734,13.824252260607503,0.9482958497565639,0.6665893809413269,-0.7744029677718599,-2.610711801530268,0
19990505,-0.14221379473807813,1343000.0,15.92557478075367,16.040293908509167,2.8627636880777914,2.9165679070869857,1.5098364541360523,-0.914908746148383,0
19990506,-0.6211180124223602,1093700.0,21.421366459627265,21.26534161490687,7.4852173913043805,7.1776397515527846,5.470807453416144,3.0509316770186197,0
19990507,0.1540832049306684,1147400.0,25.415511042629653,24.964560862865994,10.780174627632293,10.061633281972282,7.783769902413967,5.26450950179763,1
19990510,0.625,621700.0,22.016999999999936,21.335750000000058,7.454000000000035,6.582500000000007,3.849999999999998,2.2550000000000026,1
19990511,0.0,492100.0,23.3092770475227,22.375631951466175,8.184529828109255,6.953993933265918,3.8827098078867395,1.5874620829120327,1
19990512,-0.31948881789136263,704500.0,19.847997050872376,18.719095600884803,4.839026787908632,3.293192430572631,0.38338658146964566,-1.9710002457606284,0
19990513,0.0,607700.0,19.995815899581494,18.59906473049475,4.615801132168381,2.938715235047983,0.22397243416193446,-1.6391828698006494,0
19990514,-1.0601577909270208,334100.0,20.155078895463408,18.48619329388565,4.4418145956607855,2.96967455621299,0.19477317554239032,-0.6706114398422227,0
19990517,-0.3014318010550227,198700.0,22.354307962823324,20.394875659382098,6.060788746546122,4.398392363727701,1.9241396634011512,1.1052499372017024,0
19990518,0.3047232097511362,318600.0,23.603859827323408,21.392077196546502,6.850685627221978,5.379634332148274,2.0848146267140626,2.117826307770432,1
19990519,0.6319514661274014,666000.0,22.972699696663206,20.523761375126423,6.158746208291236,4.606926188068733,0.9555106167846312,1.0819009100101042,1
19990520,0.7537077558959279,735200.0,18.252856795526302,15.639192803306626,1.9304643812302724,0.2650133722343658,-2.6841721371262004,-2.533430585947001,1
19990521,0.140745953553824,892400.0,14.077292986159904,11.343185550082133,-1.6823832981468074,-3.394323246539985,-5.2427867698803645,-4.991789819376026,0
19990524,0.30908226343317985,501500.0,15.613528292914802,12.560865430337623,-0.45696623870657505,-2.3525915359010927,-3.4688540180694316,-2.6343319067998197,0
19990525,-0.9295499021526481,337600.0,18.90337573385513,15.44911937377693,2.3341487279843793,0.08439334637963355,-0.359589041095904,0.9099804305283581,0
19990526,0.6134969325153374,387300.0,19.221349693251472,15.413987730061399,2.586993865030714,0.10429447852759968,-0.02699386503068168,1.8159509202453863,0
19990527,0.17583521728209064,2217800.0,21.967344888218978,17.556644059281602,4.886711881436859,2.2079879427279696,2.1276061291132735,3.556895252449125,0
19990528,1.6885553470919201,916600.0,30.046904315196926,24.88233717502014,11.679978558027408,8.511123023318143,8.0997051728759,7.6440632538193425,0
19990601,1.8010963194988194,1169500.0,26.564996084573146,21.111720177499397,8.673453406421357,5.400678673975469,4.886452623335943,2.8765335421560865,0
19990602,0.3231887961217275,835900.0,30.467007810395835,24.41368165903587,12.053326151360125,7.942364664691599,7.613789388634522,4.126043630487467,1
19990603,0.8391987005955667,503200.0,31.012858689767135,24.52409312398493,12.511099079588583,7.786951813752031,7.45804006497023,2.5988088792636734,1
19990604,2.5026624068157552,688900.0,28.73868477103293,22.012513312034145,10.620340788072449,5.649627263045774,4.733759318423851,-0.29286474973375776,1
19990607,0.47134706028280254,306700.0,19.858967998015345,13.328950632597426,3.2284792855371074,-1.3879930538328307,-2.986851897792113,-5.606549243363942,0
19990608,1.4408493427704758,265800.0,22.014408493427666,15.144084934277119,5.166329625884779,0.42593528816985476,-1.7795753286147638,-3.1850353892821164,1
19990609,0.0,664100.0,20.161475205581826,13.138051333167297,3.6974831796661256,-0.9294791926240014,-3.3615748816346964,-3.0650386244704806,1
19990610,-0.4578313253011994,666900.0,16.106626506024078,9.077831325301304,0.2833734939759452,-4.102409638554218,-6.3710843373493935,-4.067469879518078,0
19990611,0.1463414634146397,340300.0,17.415853658536577,10.030000000000099,1.3902439024390771,-2.887804878048792,-4.939024390243899,-1.2195121951219512,1
19990614,-0.14612761811983016,793000.0,17.130784218217215,9.465660009741947,1.0867023867511243,-2.9688261081344574,-4.164637116415005,-0.9985387238188106,1
19990615,0.16642891107941105,219700.0,14.249999999999979,6.524251069900218,-1.4388968140751053,-5.008321445553963,-5.551592962434619,-2.1635758440323434,0
19990616,0.0,924600.0,15.8929777992278,7.77123552123562,-0.0246138996138594,-3.338561776061789,-3.098455598455596,-0.06756756756756442,0
19990617,0.628930817610063,678700.0,20.7133333333333,11.942893081761085,4.106163522012608,0.794968553459108,1.728301886792447,3.300628930817604,0
19990618,0.1747378931602603,532400.0,19.71592611083372,10.753619570644096,3.0099850224663447,-0.11857214178733534,1.5651522715925994,2.0319520718921615,0
19990621,0.6379178361826997,560800.0,22.32572084715486,12.845623883643857,5.022709874968165,1.659862209747387,3.5340648124521694,3.342689461597352,1
19990622,-0.47571357035552764,746600.0,20.00600901352025,10.343264897346081,2.8222333500250785,-0.5145217826740127,1.6850275413119726,0.3405107661492308,1
19990623,0.1492908683752234,505100.0,19.254043294351828,9.268225926847542,1.8935058472257202,-1.2192087583975986,1.0674297088828117,-0.9056979348096473,0
19990624,-0.1492908683752057,278400.0,19.240855934312005,8.899726300074695,1.5889524757402789,-1.2888778303060657,0.7414779795969192,-0.6867379945259923,0
19990625,0.0,262300.0,19.587993010484237,8.855217174238668,1.6844732900649497,-0.93734398402397,0.833749375936086,-0.36445332001997205,0
19990628,-0.1744330924495397,497200.0,19.33740343882377,8.195115873411444,1.4263643159731272,-0.7587839521555056,0.42611512584101513,-0.06977323697983004,0
19990629,0.0,1033900.0,19.696374999999975,8.123250000000048,1.5620000000000545,-0.22500000000000853,0.23749999999999719,0.28499999999999304,0
19990630,0.0,6177300.0,21.740905621979113,9.60290002543888,3.277537522258992,1.803612312388677,1.455100483337562,1.5975578733146785,0
19990701,11.428571428571429,3261200.0,36.569857142857146,22.54800000000005,15.602285714285753,14.062857142857114,12.591428571428562,11.142857142857139,0
19990702,3.189493433395866,685400.0,27.981908335566853,14.454569820423519,8.086303939962502,6.967300991691213,4.8834092736531645,2.787456445993029,0
19990706,2.1209740769835097,473700.0,24.91751767478397,11.34747316051329,5.304529981670642,4.224927991620849,2.2047656454569227,-0.5970149253731197,0
19990707,-0.6513809275664407,498600.0,24.171313183949934,10.387701928087587,4.474205315268401,3.555237102657633,1.2923397602918059,-1.933298593017208,0
19990708,-0.34777956126271414,629000.0,27.35861423220966,12.904494382022516,6.914927768860375,5.9577314071695815,3.250401284109139,-0.3424291064740696,0
19990709,-0.6733099919202801,1158100.0,28.0781039590627,13.240506329113991,7.308375976299525,6.082682467007804,3.1214651225424155,1.4758955022892588,0
19990712,0.16811431773606691,1379000.0,33.056598486971076,17.334827682824397,11.291117960212969,9.618940879798243,6.057719249089379,4.662370411880083,0
19990713,-1.5913611821540072,1196500.0,34.74907644217102,18.570332480818497,12.52060244387614,10.34242682580278,6.160841148053422,4.444444444444445,0
19990714,1.2503552145496017,816800.0,34.54390451832903,18.169082125603914,12.222222222222248,9.366297243535113,4.793975561238982,2.6314293833475477,0
19990715,0.2025462962962971,703800.0,36.76953124999995,19.876446759259306,13.771990740740758,10.364583333333355,5.329861111111107,2.8703703703703622,0
19990716,0.7142857142857143,717500.0,34.81357142857139,17.962285714285777,11.93085714285717,8.298571428571446,4.005714285714289,0.3599999999999934,0
19990719,0.17548990933022018,685400.0,37.75519157648433,20.38227551915771,14.228136882129307,10.005849663644382,5.557180462123424,1.8601930389002714,0
19990720,0.0,1041600.0,37.2620437956204,19.851970802919777,13.754160583941625,9.091970802919741,4.221897810218972,1.1328467153284616,0
19990721,1.315789473684225,973500.0,40.355113636363605,22.32535885167471,16.117224880382803,10.762559808612474,5.269138755980863,2.535885167464112,1
19990722,0.5588235294117581,979000.0,37.79147058823527,19.87676470588241,13.877647058823559,8.027941176470614,2.541176470588227,0.5176470588235351,1
19990723,0.33388981636061366,706100.0,30.197968836950455,13.080690038953872,7.466332776850323,1.6054535336672182,-3.324986087924319,-4.385086254869228,0
19990726,-0.8905486929043444,333100.0,34.270899166906034,16.363688595231306,10.620511347313997,4.149669635162283,-0.43952887101409305,-0.9250215455329006,1
19990727,0.7181844297615627,552500.0,34.11735133582302,15.991956334386733,10.290146509623693,3.3855214018960056,-0.5486929043378411,-0.6032749209997151,0
19990728,0.37142857142857877,361800.0,33.271428571428544,15.026571428571497,9.416571428571448,2.1100000000000056,-1.1428571428571388,-0.25142857142857417,0
19990729,1.0684377707190222,390200.0,34.55645394166902,15.9090384060064,10.311290788333809,2.525267109442652,-0.06641640196362471,1.1781692174415077,0
19990730,0.0,293200.0,36.35188983299148,17.32874304131266,11.609141517726348,3.8997949018458504,1.1426897157925386,1.5997656021095792,0
19990802,0.17421602787457108,762600.0,34.95484901277586,15.973286875725956,10.21602787456448,2.547909407665499,0.3048780487804994,0.4703832752613213,0
19990803,0.20551967116852693,1071600.0,36.2356136230182,16.999119201409325,10.942454492072823,3.085731062830305,1.3681738109218848,1.1509101585437342,0
19990804,0.0,332900.0,38.26388059701496,18.632238805970207,12.285970149253753,4.080597014925386,3.0805970149253623,1.9462686567164211,1
19990805,2.723614979882375,1090200.0,43.083410708758905,22.684308263695506,15.891055400804701,7.129371711544412,6.354069947384702,4.264933457134014,1
19990806,-2.7293844367015034,563600.0,33.99288617886181,14.869918699187041,8.357142857142877,0.11324041811849182,-0.6591173054587596,-2.003484320557485,1
19990809,0.5578391074574214,677900.0,35.22078684674103,15.91103934233709,9.228420434527305,0.9908984145625325,0.2290076335877741,-1.1332941867293094,1
19990810,-0.16992353440952213,781100.0,30.2116964032852,11.62701784197117,5.248371566128578,-2.567261399037123,-3.177570093457943,-3.9252336448598206,1
19990811,0.5537744097930566,1285200.0,33.75444476828917,14.712911687554694,8.082774701253287,0.14427280676188248,-0.5566890119498761,-0.6528708831244644,1
19990812,2.4922118380062175,1015400.0,29.72741433021808,11.373831775700978,4.918719909374121,-2.585669781931455,-3.180402152364782,-1.76720475785897,1
19990813,1.5057811239580594,1084900.0,22.993143318096323,5.691583759075082,-0.3716052702339276,-7.215649368109695,-7.251949448776542,-5.254100564667905,1
19990816,0.3376623376623443,445800.0,18.648311688311743,2.1033766233766675,-3.7127272727272573,-9.81298701298701,-9.35324675324675,-6.1714285714285655,0
19990817,0.1792114695340509,481300.0,16.78635432667698,0.687403993855651,-5.157194060419854,-10.49027137736816,-9.372759856630827,-5.596518177163338,0
19990818,-0.49504950495050765,720700.0,18.648775403856234,2.430693069306977,-3.5383011985408803,-8.260812923397594,-6.495570609692554,-1.8030224075039087,1
19990819,-0.6525711302531976,432900.0,18.642782563299466,2.5833985904464116,-3.457060819629313,-7.530670843121913,-4.758548681806317,-0.057426259462295924,1
19990820,0.0,345100.0,18.187858259510215,2.3199583116206717,-3.795726941115148,-7.38144867118294,-3.905680041688385,0.380406461698785,1
19990823,0.33496521515072264,614700.0,16.656145323370318,1.068539036330888,-4.974491110538498,-7.8922958000515395,-3.746457098685907,-0.5720175212574112,1
19990824,-0.3014318010550227,368500.0,13.510675709620731,-1.5817633760361351,-7.424265259984902,-9.57799547852299,-5.033911077618701,-2.692790756091441,1
19990825,0.15117157974301404,547300.0,13.653061224489834,-1.4086671705718807,-7.26379440665152,-8.713781809019906,-3.391282438901478,-1.73847316704459,0
19990826,-1.8633540372670807,713600.0,11.900993788819903,-2.8409937888198478,-8.613167701863334,-9.285714285714295,-3.5080745341614885,-2.1416149068323027,0
19990827,0.1553196997152347,654900.0,16.41496246440593,1.1428941237380583,-4.838726378462314,-4.899042195185102,0.9112089049961086,2.091638622831995,0
19990830,0.6493506493506493,809400.0,16.61155844155849,1.2927272727273142,-4.598441558441527,-4.05064935064935,1.2519480519480501,2.2753246753246694,0
19990831,0.15919342000531247,1873100.0,18.915362165030565,3.287344123109628,-2.627752719554224,-1.5070310427169142,3.0644733351021527,3.348368267444947,0
19990901,0.1954761239877137,985600.0,24.9470818207205,8.467187936330673,2.253560457972639,3.9863166713208256,7.757609606255232,6.607092990784695,1
19990902,-1.2074643249176666,609300.0,22.588776070252507,6.329582875960522,0.2799121844127634,2.755214050493957,5.381448957189897,2.6728869374314046,1
19990903,1.9003029468465924,489700.0,22.83048746901685,6.434866427981313,0.425227210134956,3.3806114018176396,5.188653263563757,1.762599834756267,0
19990907,0.19016571583808822,377000.0,20.976908448791132,4.773431132844378,-1.11545775604454,2.349904917142067,3.2165172507470725,-0.5378973105134485,0
19990908,-0.5250069079856251,542700.0,22.86294556507328,6.414755457308689,0.3608731693838305,4.224924012158045,3.984526112185687,0.3371096988118262,1
19990909,0.0,629600.0,24.1338461538462,7.497062937062994,1.3583216783217125,5.70909090909094,4.162237762237761,1.5384615384615306,1
19990910,0.16579165515336358,431700.0,22.400110527770124,6.067421939762401,-0.046421663442910384,4.545454545454555,1.7739707101409312,0.16579165515336358,0
19990913,-3.4013605442176873,3959200.0,20.327482993197325,4.311564625850375,-1.4742857142856813,2.8925170068027275,-0.28843537414966436,-1.121088435374147,0
19990914,0.5801526717557183,1158500.0,34.739541984732895,16.70839694656491,10.280916030534385,14.58167938931298,10.134351145038176,8.476335877862585,1
19990915,0.38805970149254493,595700.0,31.435671641791103,13.789552238806019,7.531940298507492,11.18656716417909,6.41791044776119,4.441791044776118,0
19990916,0.21173623714458642,603200.0,32.86358136721119,14.96370235934667,8.641258318209337,11.861766485178446,7.002419842710217,4.204476709013916,0
19990917,0.5768063145112473,581300.0,33.02975106253804,15.046751669702541,8.767455980570752,11.454159077109887,6.329690346083791,2.610807528840314,0
19990920,-0.3636363636363559,926200.0,32.485757575757646,14.528787878787918,8.31939393939395,10.436363636363623,5.133333333333341,0.15151515151514292,0
19990921,-0.9806926141587504,682000.0,33.63944223107577,15.543977934416212,9.36009806926142,10.741648789457518,5.044437634079048,1.2136071100214332,0
19990922,-0.3750000000000031,731100.0,35.919843750000084,17.525625000000034,11.313749999999988,11.701562499999984,5.803124999999998,2.268749999999997,0
19990923,0.0,1251600.0,35.796493425172315,17.48027551659364,11.319348778960544,10.698184095178453,4.809016906700055,1.7595491546649782,0
19990924,0.0,1194200.0,43.85379241516978,24.392880904857,17.982035928143723,15.92648037258815,9.324683965402532,6.207584830339321,0
19990927,-0.4033613445378185,552300.0,44.91680672268919,25.270924369747938,18.85848739495798,15.642016806722669,8.110924369747888,5.129411764705882,0
19990928,0.6427604871447946,616700.0,45.41694857916116,25.714479025710453,19.309201623815976,14.873139377537237,7.726657645466855,3.728010825439785,1
19990929,0.20380434782608262,515400.0,45.59680706521751,25.904211956521767,19.468749999999986,13.940217391304333,6.786684782608687,2.4116847826086865,1
19990930,0.19874130506789905,477900.0,41.607154686982526,22.451473998012606,16.28552500828088,10.178867174561102,3.183173236170912,-1.2918184829413732,0
19991001,-0.19633507853402724,520800.0,39.54499345549746,20.674410994764436,14.65248691099476,7.882853403141346,1.1551047120418898,-2.159685863874346,0
19991004,0.8264462809917356,670700.0,40.62892561983478,21.56595041322316,15.451239669421485,7.986776859504122,1.2826446280991672,-0.8264462809917356,0
19991005,0.0,886100.0,41.70607882431536,22.46760187040751,16.32130928523713,7.957581830327334,1.4328657314629207,0.4542418169672653,0
19991006,-0.45013850415512124,1350500.0,46.48199445983386,26.558171745152396,20.18005540166205,10.654432132964008,4.075484764542935,3.7534626038781154,0
19991007,0.21668472372697264,1085200.0,52.32574936800294,31.55940772842184,24.816901408450693,13.95449620801731,7.013362224629819,6.406644998194285,1
19991008,0.0,984400.0,54.33339449541287,33.23853211009178,26.290642201834867,14.15412844036697,7.710091743119262,5.695412844036696,1
19991011,-0.20732550103663536,289700.0,44.92138908085698,25.09087767795442,18.557014512785074,6.138562543192796,1.1402902557014454,-1.3821700069108573,0
19991012,-0.45013850415512124,557700.0,44.8081717451524,24.926592797783968,18.41828254847645,5.689058171745167,1.1149584487534598,-1.9113573407202327,1
19991013,1.8018018018018018,919500.0,50.26234234234239,29.477477477477503,22.785585585585586,8.956756756756763,4.623423423423415,1.2684684684684568,1
19991014,0.0,504000.0,41.838280450358326,22.151142954623033,15.964517229614483,2.5179119754350157,-1.2453087683384458,-3.016035482770387,0
19991015,0.2073255010366231,924800.0,43.19056668970289,23.300276434001415,17.21423635107117,3.137525915687609,-0.542501727712521,-0.6081548030407806,1
19991018,-0.2403020940611064,300600.0,41.774974253347125,22.097150703741864,16.085135599038782,1.8005492619292938,-1.5756951596292468,-1.1259869550291774,1
19991019,1.0917775503241225,703800.0,40.32958034800418,20.989082224496787,15.048106448311152,0.6090071647901729,-2.3950870010235477,-1.4397816444899374,1
19991020,-0.1919999999999959,398100.0,31.19184000000005,13.284160000000043,7.646080000000007,-5.756799999999998,-7.696000000000004,-5.318399999999997,1
19991021,0.3786683496371014,550300.0,28.957084253707837,11.502366677185242,5.986115493846646,-7.10476491006629,-7.7153676238561175,-5.130956137582837,1
19991022,1.3513513513513442,552800.0,25.12929975429981,8.382678132678148,2.985257985257989,-9.203009828009842,-8.550368550368557,-5.442260442260448,0
19991025,-0.9732360097323608,214600.0,23.552311435523155,7.204379562043796,1.720802919708038,-9.610705596107067,-8.242092457420936,-4.081508515815091,0
19991026,-0.371402042711249,333500.0,25.385639121015235,8.933147632311995,3.132157226864749,-7.590529247910855,-5.561745589600756,-0.5323429278861161,1
19991027,-0.9900990099009861,416900.0,29.015011178537293,12.124880229958498,5.931012456084328,-4.3404663046949805,-1.408495688278502,2.6828489300542957,1
19991028,3.3116682141751785,429700.0,24.705663881151406,8.430207366140548,2.276694521819886,-6.973073351903445,-3.5314144227793305,-0.11142061281337469,0
19991029,-0.7518796992481203,403500.0,20.853082706767005,5.157894736842137,-0.9190977443608972,-9.1984962406015,-4.9624060150375895,-2.5203007518797023,1
19991101,2.1355617455895937,476000.0,24.01795109873112,7.932838130609736,1.5877437325905235,-6.2380068090374365,-1.21324667285671,-0.037140204271124896,1
19991102,-0.5598114319387087,627100.0,17.729522687094963,2.541249263406044,-3.5780789628756353,-10.151738361814946,-4.593400117855031,-3.8774307601649833,1
19991103,0.0,622700.0,20.021693281108863,4.621271467309472,-1.7981319674600624,-7.472130159686623,-1.8529677613738926,-0.5724615848146963,1
19991104,0.5477082732776156,684400.0,14.52032285961381,-0.11501873738826383,-6.332660709138049,-10.464110694724692,-5.232055347362346,-3.4995675987316193,1
19991105,1.637460499856364,610500.0,13.823901177822528,-0.6498132720482376,-6.968112611318573,-9.686871588623967,-4.912381499569092,-2.9359379488652846,0
19991108,-0.8656799776598778,317000.0,10.362608209997267,-3.534208321697808,-9.723540910360231,-11.249650935492882,-6.7495113096900345,-3.691706227310814,1
19991109,0.7080147267063155,295100.0,11.674879637496517,-2.302747097139596,-8.62588501840838,-9.082412914188637,-4.579439252336461,-1.5519682809402486,1
19991110,-0.16872890888639558,402400.0,10.636670416198042,-3.0916760404949057,-9.388076490438674,-8.62345331833522,-4.05511811023622,-0.9111361079864962,1
19991111,-0.19374481040686486,619300.0,8.626626072515986,-4.725989482424547,-10.799889288679749,-9.121228895654571,-4.511486299474128,-1.677276501522285,1
19991112,2.01992997576084,475200.0,5.449501750606042,-7.374360355507664,-13.165095610018845,-10.465930514408841,-6.038244007541083,-3.0756800430918476,0
19991115,-0.15868817773076505,594600.0,3.325707484792454,-9.103147315524984,-14.647447765141486,-10.928325839724954,-6.27347262628934,-3.7609098122190003,0
19991116,0.5074786324786454,505400.0,4.098958333333407,-8.274839743589713,-13.770299145299125,-8.962339743589723,-4.412393162393165,-1.6720085470085406,0
19991117,0.4914004914004906,386600.0,6.095550095550166,-6.342069342069314,-11.839475839475849,-6.2148512148512305,-1.3595413595413723,1.0865410865410758,1
19991118,-0.4824443848834085,577100.0,3.8988206915036967,-8.121147145537373,-13.362637362637356,-7.170999731975377,-2.4551058697400263,-0.12329134280355529,1
19991119,-0.15868817773076505,578400.0,2.2876223221370955,-9.375826500925665,-14.422639513356241,-7.704311028828362,-2.9516001057921173,-1.08436921449353,0
19991122,0.3484320557491167,603400.0,3.4305816135085174,-8.099437148217623,-13.24577861163225,-5.873760385955521,-1.2489949075314957,-0.026802465826869782,0
19991123,-0.8479212253829382,361800.0,5.283916849015402,-6.234682713347908,-11.257658643326039,-3.361597374179448,1.1187089715536076,1.5426695842450766,1
19991124,-1.176148796498905,268000.0,5.016274617067935,-6.279266958424479,-11.090262582056875,-2.6435995623632285,1.3922319474835896,1.5043763676148718,1
19991126,-0.5108900242000477,77000.0,3.0104866899705134,-7.898897553105646,-12.374294165098117,-3.6367303038451175,-0.040333422963163675,-0.27964506587792204,0
19991129,-3.38937093275488,351000.0,3.648454446854768,-7.138286334056369,-11.424078091106272,-2.3345986984815537,0.7321041214750434,0.054229934924067295,1
19991130,-1.0303687635574905,493800.0,3.4315347071584603,-7.1450650759218926,-11.213665943600839,-1.7150216919739705,0.47993492407809,-0.17895878524946449,1
19991201,-2.1709997319753476,721200.0,2.034173143929352,-8.171803805950118,-11.986062717770018,-2.396140444920947,-0.7129455909943858,-0.9273653176092297,1
19991202,0.0,461400.0,0.8370920668613498,-9.031308039267673,-12.571504377819029,-2.7832316264261063,-1.4327407800477558,-1.3266118333775538,0
19991203,-0.187265917602997,352500.0,1.5137774210808803,-8.218298555377194,-11.555377207062605,-1.6171749598716312,-0.5965757089352758,-0.4066345639379565,1
19991206,-0.34777956126271414,605300.0,1.3449705724987355,-8.142857142857135,-11.16372391653291,-1.273408239700429,-0.7116104868914,-0.13911182450510085,1
19991207,-0.6430041152263374,1091100.0,-2.6983024691357183,-11.586934156378588,-14.121399176954736,-4.687500000000031,-4.138374485596712,-2.9629629629629655,1
19991208,-0.1474563774883145,1111400.0,-7.104079626443759,-15.360039321700647,-17.394445809781264,-8.266158761366452,-7.387564512165152,-5.618087982305239,1
19991209,2.366863905325444,950800.0,-10.568875739644906,-18.29585798816567,-19.838106508875736,-10.861538461538492,-9.460355029585799,-6.944378698224862,0
19991210,-2.4390243902439024,649200.0,-7.925365853658471,-15.620487804878039,-16.86682926829268,-7.55000000000002,-5.770731707317072,-2.3414634146341484,0
19991213,-0.4779874213836421,627900.0,-5.143144654087987,-12.822389937106912,-13.790188679245283,-4.3132075471698315,-2.08553459119497,1.9220125786163416,0
19991214,-0.18479408658922988,622900.0,-0.5890971488911521,-8.467529039070739,-9.131467793030632,0.41974656810978006,3.01214361140443,6.425554382259762,0
19991215,0.16326530612245516,903100.0,2.3103401360544944,-5.6002721088435266,-5.966802721088451,3.413605442176852,6.027210884353732,7.5537414965986285,0
19991216,0.0,915500.0,4.2786111111111955,-3.6005555555555326,-3.6122222222222313,5.480555555555533,7.766666666666665,6.322222222222212,0
19991217,0.0,925800.0,8.228992203292021,0.20242564250648712,0.6017903551833392,9.266531908749585,11.235922610453358,6.849552411204137,1
19991220,0.7116424708226586,451200.0,6.524907486478877,-1.2095075434101934,-0.38144036436096623,7.329917449473372,9.01224025049814,2.6985482493595025,0
19991221,-0.17236426314278158,655000.0,7.377477736282742,-0.28181557023844384,0.8715886239586017,7.957483481758104,8.845159436943389,1.8787704682562376,1
19991222,-0.5134055904164281,473000.0,6.473616657159212,-0.9751853964632131,0.5048488305761337,6.97375926982314,6.463205932686818,0.18824871648601083,1
19991223,-0.8625486922648725,734700.0,3.7657206455203927,-3.347523650528657,-1.5002782415136366,4.2682248191430325,2.1007234279354554,-2.298274902615472,1
19991227,-2.323125659978887,534800.0,-1.6334477296725904,-8.181890179514253,-6.092397043294634,-0.980728616684297,-3.9519535374868187,-5.586061246040145,0
19991228,0.7004763239002523,643400.0,4.306248248809258,-2.45306808629865,0.048192771084344485,4.928551414962175,0.8041468198374868,0.5211543849817875,0
19991229,0.7130633200228179,364400.0,6.078009127210553,-0.6825442099258416,2.184255561893872,6.554478037649708,1.8111808328579522,2.4700513405590407,1
19991230,-0.7016559079427448,468100.0,4.288099915801353,-2.227336514173443,0.904294134156596,4.614089250631485,-0.13191131069324769,1.150715689026092,1
19991231,-0.6981290142418318,217300.0,3.6817927953086285,-2.7048310527785393,0.6517732476961632,3.825746998045231,-0.6869589500139687,0.5696732756213168,0
20000103,-0.6981290142418318,559500.0,3.6224518290980665,-2.6629433119240478,0.8818765707902705,3.606534487573301,-0.3574420552918182,-0.5864283719631411,0
20000104,-1.2593016599885454,475900.0,6.151688609044137,-0.2498568975386146,3.530051516886079,5.837149398969673,2.0692615912993673,1.459645105895836,1
20000105,0.1777777777777845,379300.0,9.814814814814877,3.165333333333357,7.231999999999987,8.808888888888886,5.354074074074081,4.260740740740747,1
20000106,-0.9240542881894319,519900.0,6.9728559052844865,0.43199537972855756,4.641062662431394,5.168928674559627,2.5526999711232836,1.0337857349119173,1
20000107,2.857142857142857,440800.0,5.81071428571434,-0.7457142857142733,3.7457142857142856,3.0214285714285642,1.2000000000000048,-0.4971428571428557,1
20000110,0.6677350427350428,464200.0,-1.1184561965811282,-7.239316239316201,-2.741452991452979,-4.16800213675213,-5.512820512820514,-6.111111111111103,1
20000111,-0.8230452674897125,440200.0,-4.7903806584361694,-10.660236625514386,-6.05401234567903,-7.829218106995894,-8.191872427983544,-7.56172839506174,1
20000112,1.6363636363636431,1374700.0,-3.8871428571427993,-9.775324675324658,-4.80519480519479,-6.838961038961046,-6.392207792207788,-4.18181818181818,1
20000113,1.2195121951219512,560500.0,-9.776707317073127,-15.223414634146321,-10.265365853658528,-12.001219512195133,-10.790243902439023,-6.917073170731704,1
20000114,4.496531930160238,1207700.0,-11.553814876823672,-16.817986127720616,-11.591485290600325,-13.01124132982543,-11.083472853384357,-5.462807940684061,0
20000118,-2.2346368715083798,704600.0,-17.363240223463634,-22.16983240223462,-16.950167597765347,-17.595530726257007,-14.927374301675977,-8.406703910614526,0
20000119,-2.3359028264424198,491000.0,-13.61702873160472,-18.58304134548,-12.812894183601959,-12.964260686755457,-9.233823872926893,-2.4199953281943505,1
20000120,-1.9972451790633714,575900.0,-15.087924701561011,-19.871671258034866,-13.958218549127619,-13.458448117539017,-8.544536271809001,-1.7768595041322333,0
20000121,0.14221379473809498,815400.0,-12.37437781464796,-17.182270680255957,-10.838113296989794,-9.803270917278983,-3.7828869400331753,1.9767717468594532,0
20000124,-1.0880316518298658,878000.0,-8.633407517309536,-13.530415430267043,-6.738377843719058,-5.343719090009878,1.7260138476755698,5.712166172106831,0
20000125,-0.4848175554988459,520400.0,-5.786935442714899,-10.686144424598073,-3.6075529471803724,-2.1574381219698755,5.417198264863498,6.246491451900996,0
20000126,0.6599788806758183,295700.0,-2.6359556494191434,-7.55939809926081,-0.23442449841602955,1.515311510031655,8.798838437170007,7.31784582893347,1
20000127,-0.18120631633445583,670200.0,-4.625679523686188,-9.29407196479418,-2.1289153507636414,0.006471654154759294,6.720165674346354,2.68185348174992,1
20000128,-0.6279829188646068,411300.0,-7.514694800301355,-11.907309721175542,-4.910826425521203,-2.4328058276815017,3.257975383069573,-1.5573976387842363,1
20000131,0.1492908683752234,419100.0,-8.4085593431201,-12.640706643443611,-5.6327444637969375,-2.8104005971634916,1.8785767603881627,-2.612590196566303,1
20000201,0.6201935003721161,399100.0,-8.725502356735241,-12.787645745472565,-5.764822624658872,-2.5415529645249575,0.47382783428428527,-2.3468122054080998,1
20000202,0.6041565973900435,492600.0,-11.07660705654899,-14.917351377477011,-8.028999516674691,-4.28347027549541,-2.4697921701305114,-3.180280328661195,1
20000203,-0.16324626865671707,657600.0,-14.175606343283512,-17.750699626865654,-10.986473880596995,-6.567164179104499,-6.040111940298515,-4.584888059701495,0
20000204,0.1597808719470447,341900.0,-15.999657612417176,-19.244236475690453,-12.54508103172789,-7.5028532298562265,-7.664916685688208,-4.784295822871498,0
20000207,1.036757775683329,225400.0,-13.303487276154474,-16.42672007540053,-9.444863336474977,-3.640433553251653,-4.213006597549474,-0.6503298774740722,1
20000208,0.27662517289072713,327700.0,-15.192830797602507,-17.99976947902256,-11.121715076071897,-5.0437989857077214,-5.322729368372532,-1.387736284001853,0
20000209,0.4386977603324815,354100.0,-15.063726622027174,-17.627799584391575,-10.681135996305681,-4.378896328792466,-3.91595474486263,-0.33710459478180743,0
20000210,2.658823529411771,560700.0,-13.453058823529334,-15.834352941176434,-8.714352941176442,-2.0858823529411716,-1.174117647058829,1.3835294117647081,0
20000211,0.16544552115339228,413800.0,-13.059324036870642,-15.227605766958144,-8.068069014417368,-1.4913731978255904,-0.13944693925786955,1.1297565587331466,1
20000214,0.4640937957987417,419900.0,-10.15534929164623,-12.172447484123081,-4.8329262335124055,1.6988275525158834,3.385442110405478,3.7811431362970245,0
20000215,3.756086250869458,1710600.0,-14.686181312311536,-16.372594481799183,-9.3985624855089,-3.652909807558556,-1.210294458613507,-1.6044516577788086,0
20000216,-0.3180039138943311,909700.0,-10.018101761252353,-11.505136986301348,-4.2407045009784445,1.413894324853236,4.104696673189817,2.6223091976516524,0
20000217,0.4727544165215348,415300.0,-8.4981338641452,-9.72605125653143,-2.531475491415727,2.735755162975898,5.222692211993043,3.234635481463043,1
20000218,1.1156186612576189,701700.0,-6.768382352941063,-7.758874239350873,-0.7413793103447752,4.340770791075077,6.115618661257605,3.7423935091277873,1
20000222,0.29354207436398594,466300.0,-10.028742661448037,-10.728228962817967,-4.304794520547923,0.7191780821917733,1.9960861056751353,0.05870841487278328,0
20000223,-0.939663699307605,322400.0,-9.044386745796137,-9.50346191889214,-3.2912957467853157,1.969584569732942,2.3788328387734996,-0.18298714144411,0
20000224,-0.6163708086785009,326600.0,-9.301158777120232,-9.524654832347103,-3.537475345167625,1.998274161735694,1.397928994082823,-0.6360946745562196,0
20000225,0.3047232097511362,407100.0,-6.600050787201535,-6.581767394616526,-0.5708481462671274,5.14982224479429,3.643981716607402,1.9299136617572321,1
20000228,0.6308352258390109,183000.0,-7.2018672722684,-6.926570779712314,-1.052737824880126,4.463790058036801,2.3139036083774775,1.3827908150390984,1
20000229,-0.6279829188646068,433400.0,-7.630871640291309,-7.072846018588274,-1.3087164029138247,3.9437327304696783,1.5674453654860465,0.38683747802058865,0
20000301,0.0,413600.0,-8.06724999999993,-7.206499999999974,-1.5090000000000003,3.4112499999999635,0.3024999999999878,-0.3100000000000058,0
20000302,-0.6503642039542145,488100.0,-4.348595213319362,-3.1495837669094398,2.660249739854348,7.225546305931293,3.7382934443288183,2.632674297606661,0
20000303,-0.5041124966834644,427400.0,-2.4700185725655808,-0.9901830724329607,4.85592995489523,8.670734942955674,5.139294242504637,3.778190501459272,0
20000306,0.32485110990797117,765500.0,-0.54656199242005,1.2382241472658746,7.086626962642149,9.947211694639924,6.597184623714125,4.428803465078514,0
20000307,-0.3287671232876642,467300.0,0.5683561643836436,2.6983561643835903,8.408219178082199,10.45890410958901,6.682191780821918,3.8739726027397303,0
20000308,0.3605102606766374,362200.0,1.7122850804215928,4.1386577925679715,9.630061009428749,10.79173599556293,6.769273433166931,2.9561841375485174,1
20000309,1.0704225352112748,739000.0,3.2409859154930256,5.966197183098617,11.348732394366207,11.43943661971831,7.0281690140845,2.9239436619718218,1
20000310,-1.300728407908429,327500.0,-4.685223725286073,-1.8962018730488597,3.0083246618106454,2.388137356919892,-1.40218522372529,-4.557752341311122,1
20000313,-1.3333333333333335,330200.0,-2.3267999999999347,0.7813333333333693,5.690133333333355,4.313333333333351,0.5013333333333397,-1.866666666666674,0
20000314,-0.8117308195862665,699500.0,-4.079994763026909,-0.8578161822466344,3.9052107881644753,2.0686043466876125,-1.7386750458235178,-2.7546478135637593,0
20000315,0.5305780508237858,1323600.0,2.2601228707065717,5.846411616866842,10.810946662943355,7.830215023736392,3.621893325886615,3.5688355208042406,1
20000316,0.5380911922967934,1177600.0,3.6823845935996022,7.423109600679749,12.401019541206491,8.568394222599832,4.202775417728674,4.927782497875941,1
20000317,0.944099378881994,444300.0,-9.00173913043474,-5.57813664596269,-1.071304347826044,-4.749068322981376,-7.950310559006218,-7.050931677018636,0
20000320,-1.2840267077555214,311900.0,-5.9227015921930635,-2.2313816127374997,2.4781715459681832,-1.6088854648176867,-4.340010272213656,-3.18438623523368,1
20000321,-0.8211920529801384,370600.0,-2.990993377483409,1.0211920529801712,5.85430463576161,1.078145695364229,-0.9933774834437087,-0.3655629139072798,1
20000322,-0.7910181168665353,374800.0,-6.56021944373562,-2.5151824445010975,2.0540954325083285,-2.7953559581525935,-3.832610359785648,-2.3016075529471833,0
20000323,-0.7936507936507995,260200.0,-6.262928827444922,-2.041986687147948,2.402969790066585,-2.663850486431117,-2.6011264720942275,-0.05632360471071574,0
20000324,-1.1464304325169485,247100.0,-4.642782699322527,-0.1482542991140819,4.211047420531561,-1.0695674830641118,-0.8910891089109063,0.7399687337154739,1
20000327,0.31217481789803475,548100.0,-4.824921956295474,-0.18704474505717505,3.9151925078044143,-1.3787721123829189,-0.8012486992715917,0.3225806451612964,0
20000328,-0.3338469440164239,462800.0,-6.074216743708227,-1.3210066769388307,2.433487416538304,-2.756805341551075,-1.8823831535695865,-0.35439137134051907,0
20000329,1.1752136752136881,812500.0,-2.3728632478632026,2.705929487179548,6.14690170940177,0.7972756410256713,2.4839743589743586,2.7029914529914545,0
20000330,0.18636847710330212,476000.0,-2.7364217252395764,2.4510117145900465,5.528221512247127,0.358093716719922,2.75559105431309,1.576144834930774,1
20000331,0.0,794100.0,-2.4555288461537743,2.8229166666667393,5.539529914529986,0.6463675213675332,2.3344017094017158,1.3995726495726521,1
20000403,-0.2995506739890278,496500.0,-8.835122316525174,-3.7833250124812228,-1.4692960559160715,-5.546679980029958,-4.078881677483775,-4.423364952571157,1
20000404,-1.2840267077555214,1344200.0,-6.2162300975859575,-0.9291217257318283,1.2876219825373014,-2.516692347200814,-1.0143810991268516,-1.6743708269132025,1
20000405,3.034717164360282,1896800.0,-11.32398640446705,-6.218014081087573,-4.148094197620723,-7.218985190580242,-5.935906773488711,-5.224569070162664,1
20000406,0.2644336712207965,1078600.0,-19.45438519171435,-14.69524019391798,-12.667695019832484,-14.697003085059496,-13.228294402820643,-10.528867342441616,0
20000407,0.2673796791443793,665100.0,-18.50479055258462,-13.587344028520466,-11.416221033868068,-13.029188948306619,-10.813279857397507,-6.216577540106965,1
20000410,0.424012497210439,618800.0,-18.324481142602046,-13.287882169158612,-11.054675295692881,-12.077661236331174,-9.252399018076323,-3.9500111582236173,1
20000411,-0.2637362637362581,536800.0,-19.504065934065856,-14.407912087912036,-12.170109890109838,-12.607692307692306,-9.186813186813186,-2.52307692307693,1
20000412,1.6644474034620504,807500.0,-18.66189525077668,-13.40013315579223,-11.10164225477137,-10.727918331114077,-6.608965823346652,0.14647137150465023,1
20000413,2.2858363597521905,683400.0,-21.622623371074493,-16.44541764580214,-14.193121127964062,-12.837000640888686,-8.124332407605221,-2.9865413373210923,0
20000414,0.0,905800.0,-22.222857142857073,-17.013121693121644,-14.807195767195724,-12.907936507936485,-6.903703703703705,-2.886772486772481,0
20000417,0.13351134846462456,928400.0,-18.14007565643073,-12.560970182465446,-10.377837116154815,-7.763684913217602,-1.0324877614597212,2.1628838451268386,1
20000418,1.2863913337846993,528600.0,-16.907131573008293,-11.142857142857086,-9.019183028661656,-5.712028887384318,1.5865493116677856,3.078311893477764,1
20000419,0.12972972972973465,369100.0,-20.307459459459388,-14.674162162162116,-12.711351351351317,-8.903783783783773,-1.580540540540544,-0.7308108108108129,0
20000420,0.0,357900.0,-21.37707711972722,-15.714103110353578,-13.839795483596037,-9.403493821900287,-2.694929697486154,-2.1346399659139226,0
20000424,0.1519756838905781,525000.0,-19.778006947459755,-13.904472427268724,-12.039079461571818,-6.838905775075969,-0.5796786799826379,-0.7815892314372545,0
20000425,0.15534842432312534,630600.0,-17.893697292498807,-11.821793164669272,-9.964935641367022,-4.036839769196616,1.682201509098969,1.473590767865072,0
20000426,1.217391304347831,642800.0,-19.454021739130344,-13.443043478260819,-11.584782608695606,-5.230434782608677,-0.2869565217391259,0.13478260869564698,0
20000427,-0.5586592178770949,506400.0,-17.09731843575409,-10.86055865921782,-9.042681564245774,-1.7664804469273618,2.4290502793296165,2.2614525139664816,1
20000428,0.5730002292000916,232300.0,-14.865230346092043,-8.429062571624991,-6.581709832683902,1.450836580334622,4.329589731835883,3.369241347696536,1
20000501,-3.204272363150863,570400.0,-17.236315086782273,-10.963506898086289,-9.093457943925195,-0.6720071206052506,0.7743658210947908,-0.1424121050289276,1
20000502,-0.6936674871335762,543900.0,-16.655851420899438,-10.375923025285253,-8.349966435444141,0.40165585142089355,1.2821660326695021,0.25061535019020337,0
20000503,-0.40853381752156087,359100.0,-15.35281434407617,-9.053336359509712,-6.895142986836126,2.4182932364956877,2.673626872446657,0.8034498411257357,1
20000504,-0.136177939173859,312200.0,-15.23229686790729,-8.983885610531047,-6.730821606899655,2.7439854743531296,2.176577394462088,0.4902405810258601,1
20000505,-0.5586592178770949,563200.0,-16.419217877094876,-10.27553072625694,-7.981675977653622,1.0893854748603289,0.11173184357541266,-0.5586592178770949,1
20000508,0.9683098591549403,436100.0,-17.583846830985802,-11.471610915492906,-9.11223591549294,-0.3840228873239478,-1.5448943661971792,-1.8485915492957665,1
20000509,1.2205754141237906,1773700.0,-18.253596338273674,-12.121621621621587,-9.711421098517866,-1.222755013077609,-2.310374891020057,-2.2711421098517905,1
20000510,0.0,1899200.0,-23.126841243862433,-17.251636661211087,-14.88175122749588,-6.939443535188222,-7.7168576104746425,-6.297054009819973,1
20000511,2.6200000000000045,1442500.0,-24.69879999999992,-18.797799999999967,-16.38839999999999,-8.530000000000015,-8.734000000000009,-6.02000000000001,0
20000512,0.23818975784040777,665500.0,-25.110460500198418,-19.107582373957886,-16.545057562524796,-8.86562127828504,-8.082572449384681,-4.4938467645891285,0
20000515,0.12074864157778684,387800.0,-23.91396659287574,-17.68484604548194,-14.903199839001784,-7.354598510766753,-5.850271684443544,-1.4570336083719133,0
20000516,-0.13963694394574164,561900.0,-24.42529423498894,-18.106722521444205,-15.12387791741471,-7.6501097147416735,-5.591462198284469,-0.6263714342709099,0
20000517,-1.1299435028248632,379600.0,-23.3997175141242,-16.890032284100034,-13.620661824051638,-6.058313155770778,-3.3958837772397237,0.7909604519773927,0
20000518,0.0,283700.0,-21.667215815485907,-14.958607907742968,-11.32701812191102,-3.8859143327841847,-0.47981878088962954,2.273476112026357,1
20000519,-1.411620294599028,382500.0,-22.01053600654657,-15.245499181669361,-11.360065466448425,-4.316693944353518,-0.28641571194764254,0.9901800327332132,1
20000522,0.509580105992662,742800.0,-22.14767631471659,-15.27109661638806,-11.252344068487556,-4.362005707297188,0.08560945780675598,0.3628210354667698,0
20000523,0.0,837900.0,-23.54304834198952,-16.67538953256089,-12.523371953655593,-5.773072313224132,-1.0787055533360093,-1.6699960047942437,0
20000524,0.0,545400.0,-22.14406091370549,-15.03208121827407,-10.635532994923842,-3.8934010152284344,0.623350253807111,-0.17868020304568724,0
20000525,-7.6923076923076925,3039200.0,-21.197435897435817,-13.895179487179455,-9.188102564102547,-2.4974358974358997,1.3989743589743635,0.9230769230769289,0
20000526,2.574590952839269,1563200.0,-7.4891722810393855,1.1604908565929,6.823387872954778,14.12175168431182,16.819056785370535,14.860442733397502,1
20000530,1.1330160888284613,724600.0,-12.798096532970678,-4.495581237253533,0.7781554498074092,7.383865850895077,8.755948334466343,5.937004305461131,0
20000531,1.0187543412827156,866300.0,-10.845913405880896,-2.2188006482981875,3.1683260013892136,9.547348923361874,9.516091687890714,5.061356795554526,1
20000601,0.1359619306594044,1024500.0,-12.687514162701039,-4.094720145026048,1.2599138907772591,7.221844550192591,5.952866530704725,0.5030591434398237,1
20000602,0.2612102742707979,723400.0,-16.045276447540182,-7.688289072703474,-2.435785807575082,3.2020026121027194,1.2080975185023939,-4.680017414018281,0
20000605,-0.4016960499888411,298300.0,-13.855612586476154,-5.228074090604729,0.2811872349921999,5.8112028565052105,2.852041954920774,-0.825708547199296,1
20000606,0.5539552404165743,456500.0,-14.391646354974444,-5.753157544870333,-0.130733436738306,5.0265898515399865,1.251938843341453,-1.0857522712164902,1
20000607,-0.5441880713974749,437900.0,-15.823465389638569,-7.3073574227252305,-1.5650848933391253,3.1813234653896405,-1.4301262516325566,-1.632564214192425,0
20000608,1.382791922739235,365300.0,-15.058274802458227,-6.451931518876165,-0.45346795434592113,3.6775680421422132,-1.4179104477611957,-0.18437225636523963,0
20000609,-1.9499224462663474,799200.0,-14.188677154885813,-5.552182583647204,0.8358076667405318,4.125858630622618,-1.2807445158431263,0.4077110569465931,0
20000612,-0.1357773251866829,444900.0,-12.318737270875696,-3.5118805159538273,3.280832767594502,5.6404163837972225,1.414347137361394,2.2629554197782302,1
20000613,0.5796429399489914,438300.0,-10.111639230234113,-1.150475307210762,6.083004869000703,7.476234639462056,3.674936239276591,3.848829121261295,1
20000614,0.546448087431694,402800.0,-15.18010928961742,-6.733551912568268,0.25661202185793114,0.8426229508196575,-1.7027322404371663,-2.1814207650273327,1
20000615,1.906640368178824,871600.0,-14.870041639272335,-6.37453429761118,0.8134998904229868,0.6771860618014409,-1.1154941924172856,-1.8934911242603645,1
20000616,-0.5291005291005291,481500.0,-17.66772486772479,-9.413968253968202,-2.3864550264549984,-2.9132275132275285,-4.228571428571438,-4.359788359788365,0
20000619,0.0,247400.0,-17.344684914067404,-8.987057076172238,-2.063653723742824,-2.8516868236792177,-3.492467642690447,-2.8686611500106167,0
20000620,0.12936610608019655,236200.0,-15.899525657610965,-7.348210435532505,-0.41526520051746174,-1.5696420871065146,-1.6623544631306768,0.10349288486415419,1
20000621,0.3923278116826498,513200.0,-14.884154315605858,-6.206190061028725,0.7166521360069925,-0.9524847428073182,-0.6037489102005408,1.251089799476892,0
20000622,-0.12817773979919306,379800.0,-16.461760307626502,-7.928220465712419,-1.2283700064088778,-3.1809442426831813,-2.3114719077120442,-0.2563554795983861,0
20000623,0.3966505068312025,540600.0,-13.72322609078882,-4.91516086381661,1.8981930365800141,-0.5013221683560865,0.8219479947113211,2.0625826355222405,1
20000626,1.3296161269568891,566300.0,-15.924083208234958,-7.351490456787424,-0.8410894274072236,-2.6249195796697484,-1.35749517478019,-0.8878404460647835,1
20000627,-0.5187798298402159,566300.0,-18.527080307117565,-10.240506329113863,-4.012035692052247,-5.35588296327038,-3.5007262917617714,-3.3450923428097155,1
20000628,-0.26837324525184864,737300.0,-18.785611065235255,-10.608175061932238,-4.362923203963635,-5.3024360033030264,-3.4434351775392225,-2.786952931461605,1
20000629,-0.13963694394574164,1378000.0,-21.35767005784951,-13.468382206263671,-7.354877318970643,-7.896469180131631,-5.8009176142030885,-4.7396768402154485,1
20000630,-0.2398966599003422,772500.0,-27.054714892046427,-19.751983760841433,-14.002952574275671,-14.035799963092813,-11.577781878575385,-8.62520760287876,0
20000703,0.0,417400.0,-26.26399999999994,-18.90083720930231,-13.045581395348812,-12.500465116279072,-9.622325581395357,-5.22790697674419,1
20000705,-0.05663583160279618,928900.0,-24.989711157258753,-17.508967340003757,-11.504247687370173,-10.471965263356612,-7.047385312440999,-2.0275627713800226,1
20000706,0.35185185185184764,1205800.0,-26.22259259259252,-18.865925925925918,-12.861111111111073,-11.433333333333334,-7.316666666666667,-1.8370370370370321,1
20000707,0.10921004732435799,532800.0,-27.276119402985017,-19.999271933017827,-14.026574444848894,-12.095012741172182,-7.422642883145242,-1.7655624317437053,0
20000710,0.0,728300.0,-26.65577521508322,-19.33479773018487,-13.1770089694307,-10.726706937580095,-5.204100311184337,-1.0470437488559579,0
20000711,0.5865102639296192,495800.0,-26.33715175953073,-18.98057184750732,-12.6649560117302,-9.661840175953097,-3.629032258064523,-0.6231671554252132,0
20000712,-0.11021307861865388,598700.0,-25.948016164584786,-18.540227773695772,-12.123438648052867,-8.423952975753119,-2.2685525349008073,0.13592946362968053,0
20000713,-0.34084453701950335,662200.0,-23.44224578678275,-15.772770308653635,-9.103578867638678,-4.92899072145426,1.5754591933346103,2.7759893959477253,1
20000714,8.106016637647524,2591800.0,-21.568195008705683,-13.738634165215698,-6.83884697233504,-2.2828400077384403,4.078158251112409,3.7454053008318824,1
20000717,-0.33813845880049426,1372800.0,-27.618081509165272,-20.366613276383678,-13.867948033457875,-9.313045025805298,-3.9010500088983684,-4.007830574835372,0
20000718,-0.4405286343612335,588600.0,-28.10158590308363,-20.867136563876617,-14.294977973568235,-9.360352422907486,-4.320704845814975,-4.183259911894277,0
20000719,1.4610389610389651,645700.0,-26.17550505050498,-18.707611832611803,-11.909090909090851,-6.401515151515139,-1.614357864357857,-1.5584415584415534,0
20000720,1.0418604651162833,447200.0,-23.63283720930227,-15.888930232558115,-8.84651162790693,-2.7265116279069743,1.4325581395348894,1.886511627906969,1
20000721,0.24186046511628384,588700.0,-23.401488372092942,-15.629581395348824,-8.665302325581345,-2.080930232558135,1.2111627906976674,2.653023255813957,1
20000724,0.125425550976528,1029800.0,-25.97688586274854,-18.460490951442377,-11.82834617452064,-4.760795556351901,-2.3132055187242373,-1.272173445619066,1
20000725,0.20380434782608262,756300.0,-29.56784986413038,-22.36480978260867,-16.13688858695648,-8.686311141304358,-6.672894021739134,-5.6963315217391415,0
20000726,-1.055319148936166,577300.0,-29.15829787234036,-21.83455319148933,-15.642893617021222,-7.585531914893602,-5.732765957446824,-4.3608510638297835,1
20000727,-0.42822884549503254,738100.0,-28.456663240835866,-20.9719081877355,-14.825625214114387,-6.148509763617667,-4.1812264474135015,-2.1685508735868537,1
20000728,0.11852353538774175,507200.0,-29.015323399932218,-21.49983068066372,-15.48459194039956,-6.473078225533356,-4.036572976633932,-1.4967829326109046,0
20000731,0.11953551912568354,1173800.0,-28.15949453551909,-20.445355191256827,-14.421448087431656,-5.301400273224059,-2.8125000000000093,0.28346994535518577,0
20000801,0.0,1067700.0,-23.61746606334838,-15.321809954751103,-9.063891402714873,0.507692307692314,2.7384615384615607,4.97737556561086,0
20000802,-1.2239020878329727,1449600.0,-23.80579553635707,-15.486141108711282,-9.337293016558629,0.1799856011519104,2.1868250539956735,3.2433405327573785,0
20000803,-2.5494180676150053,747800.0,-21.563643081470513,-12.946240532052444,-6.791797524478057,2.8385368557177233,4.956585996674671,4.400517273231106,1
20000804,0.706376479572351,879900.0,-18.741408934707874,-9.766895761741115,-3.5582283314241487,6.0299732722413335,8.20160366552119,5.33791523482245,1
20000807,0.1097092704333558,339200.0,-21.963338818796814,-13.2329493508868,-7.414518193453948,1.5569573962333307,3.4265862132016864,-0.5266044980800817,0
20000808,-1.158514159617511,445800.0,-21.317855829348996,-12.38764251563074,-6.415226186097773,2.119345347554254,3.1886723059948414,-0.27951452739979427,0
20000809,-0.8233532934131694,840500.0,-19.74148577844309,-10.59973802395209,-4.420658682634666,3.8220434131736605,4.0101047904191764,0.681137724550893,1
20000810,2.8846153846153846,1014100.0,-17.32961538461536,-7.872884615384571,-1.4349999999999214,6.619230769230783,5.6634615384615525,2.6500000000000004,1
20000811,-0.7144200037600967,1048200.0,-18.97349125775519,-9.643730024440645,-3.2994923857867406,4.374882496709905,2.195901485241572,0.6580184245158892,1
20000814,0.12713403559753048,794100.0,-21.518797675263336,-12.424264438794006,-6.252451870686484,0.727388303668701,-1.910642934980034,-2.626225935343271,0
20000815,0.24047354790972147,558400.0,-19.87458379578245,-10.526822049574513,-4.176100628930771,2.34184239733629,-0.31631520532742596,-0.9433962264151039,0
20000816,0.11293054771314731,494500.0,-18.276115189158663,-8.683041596085038,-2.197628458497984,3.9158667419536726,0.9712027103331418,0.6738189346884942,1
20000817,0.11428571428571861,1538500.0,-17.118666666666677,-7.319428571428532,-0.7740952380951934,5.043809523809503,1.87238095238096,2.0723809523809544,1
20000818,2.9385089787774303,1104000.0,-20.873571558135335,-11.447124977326268,-5.1605296571739245,0.15780881552690365,-2.488663159804112,-2.093234173771093,0
20000821,0.0,504100.0,-21.648450098548686,-12.196918115033082,-5.933345278623863,-1.0625335961297195,-3.4760795556351862,-3.017380397778184,1
20000822,0.10822510822511232,780700.0,-20.939484126984148,-11.288419913419848,-4.899711399711349,-0.7124819624819682,-2.640692640692638,-1.8722943722943666,0
20000823,0.10642071656614964,379800.0,-22.075203973040132,-12.431536005675715,-6.015253636041106,-2.578041858815192,-3.7424618659098963,-2.3554451933309735,1
20000824,-0.3269160915365051,812200.0,-20.027697057755216,-10.059752996730795,-3.4239011986922927,-0.5439520523065909,-0.879041046131496,0.9153650563022118,1
20000825,0.10619469026549075,1433700.0,-21.8806194690266,-12.041238938053048,-5.500530973451285,-3.3053097345132865,-2.8194690265486786,-1.1716814159292017,1
20000828,0.5129053606882897,1277500.0,-26.77200529450698,-17.456651224354665,-11.22435473196556,-9.453176704169417,-8.264394440767688,-6.082064857710129,0
20000829,0.31799163179915935,781600.0,-25.737071129707147,-16.262928870292832,-9.776736401673627,-8.030962343096242,-6.252719665271973,-3.5548117154811756,1
20000830,0.22011513714865466,861700.0,-24.68955299695227,-15.04453098543849,-8.293261090416507,-6.66017609210971,-4.153403318658984,-1.520487639688458,1
20000831,0.299351405288541,753400.0,-25.841011142524557,-16.301513387660027,-9.451189090304329,-7.822218526525869,-4.59005488109099,-1.586562448029271,1
20000901,0.11325028312570828,743400.0,-27.652968775279106,-18.312570781426913,-11.4269535673839,-9.564795340559778,-6.102572399288161,-2.5432777867658998,1
20000905,-0.4886506935687188,1122000.0,-29.30587957124845,-20.121689785624167,-13.133354350567433,-11.19877049180327,-7.312421185371999,-4.101513240857498,1
20000906,0.11013215859030881,783900.0,-29.236784140969206,-20.00896790434233,-12.764631843926985,-10.64427312775332,-6.209880427942107,-3.0837004405286352,1
20000907,0.10718113612003242,2362400.0,-30.91854233654881,-21.875822998009465,-14.577859439595764,-12.129842290614011,-7.355688256009814,-3.7666513550757936,1
20000908,-0.1858736059479489,1494400.0,-35.25307406348301,-26.690162996854404,-19.617958249928495,-16.66428367171863,-11.361166714326552,-7.331998856162425,0
20000911,0.0,832000.0,-34.8387813620072,-26.125734767025044,-18.836415770609307,-15.250179211469556,-9.22007168458781,-4.802867383512536,0
20000912,0.08759124087591573,5397400.0,-33.421167883211716,-24.452846715328405,-16.937518248175156,-12.722627737226272,-6.386861313868613,-1.5883211678832025,0
20000913,-22.03336971776079,9320600.0,-28.671838453142083,-19.036800249493155,-10.953687821612327,-5.990176204584411,0.6751910182442246,5.295493528769688,1
20000914,1.805608912792927,3810200.0,-11.98876296580873,-0.1504033807144894,9.656550134460252,15.70303495966192,22.671917018824427,24.61774875144065,1
20000915,2.1711366538952706,1741300.0,-16.244937055281905,-4.982302499543818,4.184272942893668,10.108556832694779,15.546433132640017,12.84437146506112,0
20000918,0.10883366588063698,962300.0,-16.572918556140063,-5.368220569562784,3.586432069653578,9.469435878831867,13.664066751315088,6.885543261382186,1
20000919,-0.5529789511238,795700.0,-17.79031394934003,-6.7363539065286595,1.919015340706413,7.675704602211936,10.46200499464858,0.674277559757403,1
20000920,0.10445682451253877,804700.0,-19.590790389972152,-8.736594707520824,-0.4293175487464824,5.262883008356551,6.742688022284106,-4.073816155988852,1
20000921,-0.42194092827004215,1001800.0,-21.8752742616034,-11.283037974683475,-3.308691983122327,2.2894514767932437,2.459071729957795,-4.577215189873423,1
20000922,0.3176726299949803,829800.0,-22.44691523156666,-11.860892827286348,-3.9799364654739677,1.7288078916569236,-0.19394750041798972,-3.7986958702558193,1
20000925,-0.09746588693957484,760200.0,-24.494720597790796,-14.082196231318974,-6.388888888888864,-0.7521117608836922,-4.361598440545812,-4.444444444444451,1
20000926,0.3042921204356259,1313900.0,-25.38717168481744,-14.998718770019165,-7.508007687379865,-1.9907110826393488,-6.680012812299818,-3.747597693786029,0
20000927,-0.49159530605772633,1126800.0,-25.935934031081548,-15.544084998414167,-8.217253409451308,-2.6918807484935177,-7.767205835712036,-2.9115128449096073,1
20000928,0.21203718806066785,858100.0,-23.630810634480547,-12.874571847985589,-5.405969662371541,0.26912412330777874,-3.6258359158375337,0.5317240254444634,1
20000929,-0.38314176245210724,805900.0,-28.023831417624557,-17.838620689655123,-10.765363984674307,-5.393103448275871,-7.845210727969337,-3.871264367816086,0
20001002,-0.7692307692307693,650600.0,-27.52392307692313,-17.274615384615334,-10.075999999999976,-4.78384615384616,-5.9723076923076786,-2.4430769230769247,0
20001003,-0.2928483353884059,825400.0,-27.156750924784255,-16.892262638717575,-9.630086313193551,-4.496763255240439,-4.438964241676936,-1.5104808877928435,0
20001004,-0.48294126811029003,628900.0,-26.147374980526592,-15.783766941891203,-8.493223243495848,-3.421093628290997,-2.360180713506778,-0.09970400373888917,1
20001005,-0.3975826972010178,899100.0,-24.38557569974559,-13.819497455470684,-6.455470737913481,-1.6022582697201249,0.25127226463102265,2.4809160305343436,1
20001006,0.09125475285171449,753800.0,-27.452775665399287,-17.343726235741393,-10.314524714828893,-6.215969581749065,-3.221292775665413,-1.8403041825095179,0
20001009,-0.1818181818181887,475900.0,-27.49984848484853,-17.407727272727243,-10.443939393939385,-6.855303030303046,-2.9151515151515253,-1.909090909090917,1
20001010,-0.27666769136183034,454700.0,-26.243467568398454,-15.96080541039038,-8.950199815554862,-5.773901014448227,-1.1097448509068681,-0.4365201352597695,1
20001011,0.4665863937387151,818300.0,-27.5440246839254,-17.442052980132424,-10.504515352197458,-7.557194461167972,-2.6550270921131784,-1.8272125225767588,0
20001012,-0.6723716381418058,1228500.0,-26.20469132029343,-15.930165036674786,-8.83496332518336,-5.122249388753051,-0.5363691931540329,0.4553789731051373,0
20001013,0.09541984732823658,738100.0,-22.983619592875364,-12.303594147582684,-4.845101781170468,-0.6178435114503938,3.13613231552163,3.632315521628497,1
20001016,0.0,1068400.0,-23.67279585101372,-13.111268269684112,-5.613075593273596,-1.1213264183561267,1.7051705170517066,1.6658808738016582,1
20001017,0.09429514380008669,808900.0,-23.454188275970512,-12.877416313059875,-5.332076064749334,-0.526481219550539,1.5087223008014878,1.2164073550212067,0
20001018,-2.4302850911356835,879100.0,-23.894142389780402,-13.284935348185064,-5.852313444461752,-0.8685153450693326,0.6231500233681347,-0.3676585137872008,1
20001019,0.11279407025459279,566600.0,-21.05398001933618,-10.01981952948759,-2.343216242346117,2.760232033515931,3.944569771189161,1.9626168224299005,1
20001020,0.09561752988048171,567000.0,-21.69800796812753,-10.697529880478085,-3.0744223107569746,1.8645418326692915,2.323505976095615,0.7999999999999926,1
20001023,0.0938379730997846,680100.0,-22.928995933687872,-12.049734125742884,-4.542070691273063,0.15483265561462237,0.09696590553643668,-0.9790428526743786,1
20001024,0.3787878787878788,543800.0,-25.118181818181867,-14.49090909090908,-7.189999999999995,-2.7015151515151747,-2.8848484848484794,-3.351515151515157,0
20001025,-0.384260682446972,627600.0,-23.835075315093803,-12.944205348908714,-5.510913003381494,-1.1420227482324368,-1.6938210882262696,-1.6876729173070995,0
20001026,0.6895470929321387,643500.0,-22.144726531891607,-10.946089954552583,-3.3251841404168516,0.990440369847994,-0.023507287259051195,0.7867105469362096,0
20001027,0.0,353000.0,-23.091583011583054,-11.948416988416982,-4.3502702702702605,-0.5142857142857118,-1.1861003861003983,-0.05868725868725359,0
20001030,0.0950419768731113,720400.0,-20.949152542372914,-9.410581340091884,-1.642325360367495,1.8905433233011364,1.2703944242040228,2.24932678599714,0
20001031,0.0,582900.0,-21.113994951088706,-9.479962133165039,-1.7914168507415653,1.370306090249297,0.8314925844114767,1.0192489744398765,0
20001101,-2.991999999999996,1800100.0,-19.84576000000004,-7.912479999999994,-0.18272000000000618,2.662400000000002,1.9807999999999766,1.6223999999999932,0
20001102,0.9610520991401117,1129800.0,-15.401871522508864,-2.686730736806583,5.284774911482042,7.883156297420332,7.002191873208563,5.570730062384075,0
20001103,0.5237371177563817,718700.0,-15.086754519344487,-2.2623754012501904,5.637776651461401,7.547727656698757,6.6176719040378345,3.90606521371853,1
20001106,-1.6911889058007779,853000.0,-14.842550312869951,-1.9348892271266367,5.8339252494503695,7.075934381870462,5.912396414679511,2.6585489599188152,0
20001107,0.30060120240480914,1205800.0,-15.736389445557805,-2.952237808951226,4.489645958583837,5.302271209084843,3.5637942551769974,0.2037408149632478,0
20001108,0.442008486562942,885600.0,-10.62508840169732,2.9110678925035542,10.510254596888274,10.60997171145688,8.140028288543114,3.985148514851481,1
20001109,-1.3627187079407725,717800.0,-14.780450874831748,-1.8554845222072291,5.168573351278629,4.745962314939455,2.1652086137281277,-1.0094212651413212,0
20001110,-2.7601969057665263,3368000.0,-10.794919127988758,2.755098452883269,9.78762306610409,8.932841068917035,5.379746835443029,2.633614627285509,1
20001113,12.005430566330483,2700000.0,-1.4804111714507526,13.44957331264548,20.717998448409634,19.002133436772688,14.0089216446858,10.287044220325823,0
20001114,0.1059509094119639,904600.0,-10.156630761080724,3.4912590499735123,9.669786332332682,7.730001765848474,2.609924068514899,-0.7345929719230159,1
20001115,-0.880126738250308,637900.0,-10.305491990846711,3.342545326527003,9.084668192219683,6.739130434782581,1.2832247843689226,-0.9610983981693478,0
20001116,0.0,437200.0,-10.480614035087749,3.1526315789473633,8.429473684210539,5.9394736842105145,0.5403508771929697,-2.1473684210526383,0
20001117,0.5708169818052092,438100.0,-8.870317516946134,5.01819479129507,9.752408134142012,7.119158044951836,1.6678558687120981,-0.7991437745272929,0
20001120,-0.7900879870712835,681900.0,-8.145896929430794,5.815765846651126,9.976656491291084,7.09014185670675,1.7256239899443322,1.343149578021197,0
20001121,-1.728303289351421,1054400.0,-4.839806727374098,9.505668091432849,13.272997584092195,9.698940717338774,4.151644675710838,3.835718267979929,0
20001122,-10.679230467216328,2654900.0,0.5964860620337734,15.620141342756222,19.137023949744805,14.493521790341571,8.916372202591273,7.381232822928946,1
20001124,1.0309278350515463,578000.0,5.719278350515456,21.34474226804126,24.9839175257732,18.675257731958745,12.140206185567006,9.278350515463918,1
20001127,1.405539479123604,2041600.0,6.044233154195947,21.529557668458075,25.02811078958249,17.277800744109154,10.661430343116978,6.374534931789988,1
20001128,0.865971265498913,1048500.0,1.0697697303680302,15.63609525683924,18.878567211178925,10.456603030899434,5.22141310765597,-0.6337335170242131,0
20001129,0.0,755800.0,3.289748743718599,18.00180904522617,21.157788944723638,11.440201005025122,6.080402010050248,-0.14874371859296096,0
20001130,-1.8917287180519173,1194700.0,3.5031193399074483,18.04628697927152,20.992151338297468,10.285771785067427,4.775608774401298,-0.5312940229422335,0
20001201,0.6720138738348042,901200.0,11.555170171255142,26.97615434641234,29.760676349447213,17.36830695859526,10.505094298720998,6.117494038586593,0
20001204,0.8340649692712806,963300.0,13.017998244073729,28.405618964003544,30.758560140474106,17.340869183494263,9.582967515364354,6.20719929762949,0
20001205,0.8491620111731901,624100.0,15.106927374301666,30.57474860335201,32.374078212290534,17.858100558659206,9.121787709497209,5.421229050279334,0
20001206,-1.2427873945850028,884000.0,14.36628939192188,29.42942743009327,30.691966267199316,15.402796271637783,6.429205503772743,2.6142920550377213,0
20001207,-0.15684517140936652,1136200.0,15.513779968630963,30.404884606766807,31.125252072596933,15.178131301814906,6.04077974456643,1.3354246022854503,1
20001208,0.5780346820809248,724600.0,19.24427745664741,34.283930635838225,34.4739884393064,16.981502890173402,8.21040462427746,3.2369942196531762,1
20001211,-1.1173184357541899,906000.0,15.304469273743038,29.58167597765371,29.050279329608987,11.705027932960894,3.7720670391061506,-0.5854748603351966,1
20001212,0.0,830100.0,12.384414453635191,26.05507183282551,24.877666521549916,8.19982585981716,0.023944275141494963,-2.642577274706136,0
20001213,0.9630115999124641,775600.0,13.061610855767155,26.523309258043408,24.720945502298147,7.594659662945922,-0.3173560954256862,-1.8340993652878113,0
20001214,0.2673796791443793,352700.0,15.173908199643485,28.494875222816457,26.11140819964351,8.207442067736158,0.4099821746880514,0.049019607843133826,0
20001215,-0.5649717514124294,594200.0,16.887796610169495,29.9966101694916,27.06485875706216,8.307344632768334,1.4146892655367178,1.9254237288135518,1
20001218,1.5585606234242486,823800.0,18.62548705019479,31.505844602337906,27.85652074260832,8.421957368782936,2.4134769653907795,2.8604171441668518,1
20001219,-0.28452615451957863,944700.0,13.377653753556567,25.284088421974243,21.20288903479976,2.439264609323671,-1.998249069818334,-1.8866272707375835,0
20001220,0.25295109612142613,735100.0,9.315240303541303,20.428119730185557,15.989038785834769,-2.010961214165278,-5.11172006745362,-4.768128161888702,0
20001221,-1.5007724564113876,609600.0,14.562348267490584,25.870006621055015,20.508938424188937,1.9741778856764214,-0.5009931582432219,-0.1015228426396082,1
20001222,-0.28144620047628377,555600.0,12.463628491015333,23.269105867070834,17.379519376488446,-0.21866204806236458,-1.7601212383632874,-1.1647542758172693,1
20001226,-1.1652101539742035,371000.0,8.197565543071109,18.346441947565566,12.195588847274248,-4.134415314190614,-4.893882646691643,-3.166874739908459,1
20001227,-0.5062778452814904,455900.0,5.418590522478691,15.12211421628194,8.619279060348333,-6.841838801134068,-6.739570676387206,-4.2608343458890365,1
20001228,-0.11985617259289308,449800.0,4.1289452656811365,13.465840990811081,6.6016779864163,-8.076308429884152,-7.133439872153426,-4.514582500998811,1
20001229,-0.36405441655489124,355400.0,0.040908219965466355,8.793063805326764,1.791147729450119,-11.588426901705299,-9.522897106725424,-5.775052692086599,0
20010102,-1.0939636647782676,548300.0,2.1020707169368644,10.874389529204995,3.3549521390897037,-9.367063879663986,-6.399687438952914,-1.9808556358663723,0
20010103,-0.6416890912854528,809700.0,8.285862140343548,17.407783067687923,8.9186503829435,-3.679362450838328,0.14903746636306278,3.9660525771061828,0
20010104,-0.1248439450686689,1098600.0,8.956408655846804,17.911776945484906,8.824386183936774,-2.8339575530586805,1.1631294215563825,3.9575530586766563,0
20010105,-0.4052901023890888,904700.0,11.780930034129632,20.70520477815709,10.747866894197971,-0.19411262798635043,3.590017064846416,5.217576791808869,0
20010108,-1.2027491408934756,906100.0,12.629725085910595,21.37371134020626,10.714347079037827,0.6990979381443564,4.570446735395189,3.5223367697594514,1
20010109,-1.6084066051897918,404100.0,12.549110015011747,21.052112374008242,9.811280291657768,0.9103581385374262,4.507827578811916,1.4111087282864982,0
20010110,-1.06951871657754,2277600.0,12.349090909090839,20.61839572192522,8.759358288770096,0.8652406417112424,3.9593582887700514,0.48342245989304616,1
20010111,3.650292924740868,1306700.0,18.41009463722391,26.817485353763054,13.722397476340733,6.075935105903577,8.38440739071653,4.191077061739504,1
20010112,-1.923076923076933,442200.0,7.6260229132568735,15.000613747954239,2.659574468085115,-3.3633387888707005,-1.8351063829787346,-4.582651391162034,1
20010116,0.9083402146986063,741400.0,8.715937241948748,15.90070189925692,3.01156069364167,-2.11808422791081,-1.7175887696118928,-2.9397192402972743,0
20010117,0.9900990099009901,552200.0,4.410495049504865,11.056435643564443,-1.5394059405940315,-5.492079207920789,-5.863366336633661,-5.366336633663368,0
20010118,0.5134524543027316,1361700.0,8.38046826863825,15.054015198192733,1.6894639556377544,-1.4592318751283406,-2.28589032655576,-1.0515506264119951,0
20010119,0.12647554806071307,1069500.0,11.325779932546306,17.894603709949507,3.876053962900549,1.3216694772344215,0.15809443507589133,2.845699831365939,0
20010122,-1.2888707037643259,800800.0,8.124795417348512,14.184942716857707,0.3657937806874319,-1.5159574468085244,-2.38338788870705,-0.1841243862520528,1
20010123,0.1269841269841318,501300.0,11.874603174603076,17.859470899470992,3.4340740740741014,2.0867724867724955,1.130158730158728,2.7555555555555546,1
20010124,-0.500600720865038,598700.0,5.8991790148176815,11.328394072887555,-2.517821385662775,-3.036643972767308,-3.6543852623147832,-3.0036043251902287,1
20010125,0.6329113924050638,908500.0,4.657436708860656,9.773931962025381,-3.963212025316424,-3.9784414556961987,-4.082278481012672,-3.453322784810131,1
20010126,-2.17590053026147,627500.0,-3.161912598281326,1.3539952459316744,-11.101115377582722,-10.744194551106231,-9.440482720789902,-8.092887182300242,1
20010129,1.537293604099454,350800.0,0.5862592522299328,4.997153159992481,-7.87625735433667,-7.106661605617755,-5.279939267413165,-3.158094515088255,1
20010130,1.8315018315018317,379300.0,-2.8610805860806687,1.1600732600733283,-11.17985347985345,-10.13553113553112,-7.465201465201465,-3.8534798534798522,0
20010131,-1.2003693444136632,485500.0,-1.9901200369345173,1.7946445060019158,-10.546999076638922,-9.115420129270545,-6.02216066481995,-1.4995383194829135,1
20010201,1.5561959654178719,531800.0,2.0324687800191237,5.557925072046187,-7.092026897214179,-5.089337175792482,-1.585014409221894,3.0470701248799066,0
20010202,0.0,317500.0,-1.6529139685477194,1.3615171137836144,-10.590564292321892,-8.047178538390366,-4.003700277520804,-1.0027752081406136,0
20010205,0.20817562452687247,417000.0,0.6615253595759859,3.3862604087812747,-8.579863739591177,-5.377554882664654,-1.0560181680545173,1.320968962906876,1
20010206,0.0,353900.0,-0.5189719626169178,1.9121495327103395,-9.611962616822407,-5.896261682242988,-1.1084112149532777,-0.3401869158878545,0
20010207,0.27829313543599,503500.0,-1.1845083487941532,1.1899814471243653,-10.082374768089009,-5.92022263450834,-1.107606679035253,-1.1725417439702985,0
20010208,1.1836578846888075,485800.0,1.7528636884305984,4.079992363497553,-7.320351279114143,-2.652730049637249,2.1095838106147324,1.8213058419243997,0
20010209,0.4712535344015081,394000.0,0.5342130065974563,2.7262959472196457,-8.406409048067824,-3.065032987747377,0.5108388312912496,0.15834118755891272,1
20010212,-0.1711351968054828,454700.0,1.488115611332849,3.558851492679245,-7.497242821829214,-1.8644228940863268,1.3709830766305313,0.9393420802433917,1
20010213,2.0181447880022283,655800.0,-1.0840585076838474,0.7726346972783296,-9.769301981114573,-3.9289020551749676,-1.4034438067024675,-1.5256433993704965,0
20010214,0.37071362372566397,740300.0,-0.8905468025950831,0.7864689527340436,-9.379054680259477,-3.502316960148282,-1.3308619091751555,-1.397590361445779,0
20010215,-1.4238773274917873,946500.0,-2.3001095290252787,-0.8324205914567158,-10.415480102227072,-4.408543263964962,-2.327491785323121,-2.015334063526833,1
20010216,0.0,924200.0,1.0654716981131307,2.3366037735849297,-7.095471698113161,-0.6735849056603627,0.7547169811320728,1.2566037735849265,1
20010220,0.2638522427440608,850800.0,-5.666402814423974,-4.692172383465229,-12.97238346525942,-6.699208443271772,-5.363236587510993,-4.102022867194385,0
20010221,0.46771001978772797,1034600.0,-3.430742939377639,-2.6663068897283275,-10.605504587155927,-3.8343227199136583,-2.842237812556212,-1.3599568267674045,0
20010222,0.0,646900.0,-4.0434821428571945,-3.473749999999968,-10.804642857142811,-3.997321428571432,-3.178571428571418,-1.3499999999999877,0
20010223,-2.9728250957504936,718500.0,-1.9142805033741266,-1.604048878351242,-8.53364946197335,-1.559365310961173,-0.6656939631588712,0.773299288710559,1
20010226,1.5122873345935808,674900.0,1.702268431001825,1.7570888468809425,-4.933459357277843,1.8629489603024476,2.9300567107750553,4.412098298676755,1
20010227,0.2168805349719945,426700.0,-2.7161575998554683,-2.8845111151273852,-8.760166275076777,-2.3721308512560997,-1.0952467016085208,-0.7229351165732979,0
20010228,-0.2874595759971193,457200.0,-3.2455084441250928,-3.613546532518811,-8.913762127200833,-2.855731225296432,-1.3851958318361497,-1.2863816025871382,0
20010301,1.0376843255051889,427000.0,-1.911978882213788,-2.4773347897323306,-7.314400145639868,-1.4937192790824605,0.10376843255052277,-0.36409976333514604,1
20010302,0.23649263234492007,880700.0,-1.9393305439331265,-2.744406039657959,-6.969255957795129,-1.2997998908495563,0.06549026741858152,-0.3856649081317142,1
20010305,2.2403982930298683,761300.0,-4.094327880512166,-5.114153627311492,-8.69487908961592,-3.333926031294465,-1.6180654338549139,-1.4473684210526316,0
20010306,1.6157989228007157,471900.0,-3.100448833034192,-4.362298025134625,-7.513105924596029,-2.140035906642729,-0.8707360861759543,-0.3590664272890536,0
20010307,0.10783608914450445,591700.0,-2.935208483105744,-4.453271028037336,-7.042056074766315,-1.8421998562185324,-0.7548526240115183,-0.2588066139467979,0
20010308,-0.5716393140328142,623800.0,-0.36382076341515973,-2.175732989120354,-4.328600405679488,0.7403651115618768,1.4991702009957502,2.0763415083901857,1
20010309,0.47410649161195845,506000.0,-1.428519328957044,-3.4104668125455615,-5.145514223194728,-0.15590809628008045,0.37199124726477134,0.8935083880379191,0
20010312,-1.3279232755440775,478600.0,-0.2555330136481568,-2.4795278495019635,-3.882331243083701,1.0936923644411853,1.7631870158613245,1.3021025451862838,1
20010313,2.0408163265306167,1415000.0,4.15363881401611,1.576241817481764,0.40931844435892034,5.468810165575675,5.5775895263766,4.301116673084332,1
20010314,-0.9174311926605505,708700.0,-0.6200000000000478,-3.3728440366971966,-4.2223853211008935,0.5596330275229483,0.40550458715594395,-1.0165137614678805,1
20010315,2.7953110910730334,616100.0,-2.2205590622182485,-5.147520288548181,-5.709648331830459,-1.027953110910718,-1.2209197475202878,-2.272317403065834,0
20010316,-1.0657193605683737,769700.0,-3.5803730017762443,-6.694138543516809,-6.849378330372979,-2.387211367673182,-2.4760213143872214,-3.2291296625222112,1
20010319,0.1439884809215232,504600.0,-2.1933045356371914,-5.602231821454221,-5.338732901367878,-0.8567314614830797,-1.2994960403167641,-1.4578833693304576,1
20010320,0.47846889952153665,505600.0,-3.6082757398547485,-7.2271841219208985,-6.459684564947703,-2.4224703172071544,-2.6918305865674257,-1.3857877015771691,0
20010321,-1.342882721575649,845900.0,-2.5084153983886073,-6.4286481647269005,-5.155595344673227,-1.3858549686660715,-1.6436884512085932,0.12175470008950892,0
20010322,-0.5591798695246919,1021300.0,1.5687791239514741,-2.7809878844361027,-1.0046598322460287,2.4389561975768914,2.281453867660771,3.556383970177089,0
20010323,-10.296411856474261,1871600.0,6.31503510140398,1.44949297971924,3.747269890795642,6.827223088923566,6.31435257410295,6.384555382215276,1
20010326,0.5112474437627812,886000.0,11.523619631901767,6.096114519427465,8.98159509202456,11.617586912065448,10.400817995910032,8.838445807770967,1
20010327,0.20040080160320925,592400.0,9.336472945891718,3.699799599198446,6.8384769539078265,8.836673346693418,7.779559118236469,4.040080160320638,1
20010328,-2.6412184306921103,713000.0,5.257952573741992,-0.4436090225563229,2.9130518604203144,4.337767495662273,3.1791016001542474,-1.4459224985540775,1
20010329,1.4423076923076923,1255000.0,5.080096153846096,-0.8330769230768672,2.713461538461582,3.7951923076923375,2.2576923076923068,-2.326923076923065,0
20010330,-0.6404219250329692,561900.0,2.9918063665473156,-2.983989451874114,0.7703899039367493,1.4870973818044901,-0.4464117536259351,-3.650404972687893,0
20010402,0.1713959245857997,616200.0,4.194915254237251,-2.0384688630736316,2.0765568463150195,2.2529042087221613,0.07236716815842621,-1.2111978670729302,0
20010403,0.13779527559055174,1389300.0,7.737204724409412,1.080314960630005,5.588188976377979,5.212598425196857,2.3326771653543212,2.46850393700787,0
20010404,-0.020403999183835973,816400.0,11.691287492348458,4.618037135278589,9.516425219343024,8.378902264843903,4.6745562130177305,5.043868598245244,1
20010405,0.0,438300.0,12.082395087000984,4.743909928352184,9.830501535312207,8.183213920163741,4.03480040941656,4.098259979529161,1
20010406,0.27717283706196905,418200.0,8.444664422886529,1.1754108097407125,6.218966541278992,4.199168481488805,0.4632745990892787,-0.3444862403484448,1
20010409,1.1976047904191645,386500.0,9.364970059880202,1.97425149700606,6.904990019960127,4.640718562874243,1.5249500998003909,-0.4910179640718607,0
20010410,-0.4501859463691602,764000.0,7.301624584067282,-0.11019769035032084,4.770796633392102,2.529849285574456,-0.20943433157176264,-2.305734977490725,0
20010411,-0.41452822739832956,857400.0,8.252171338333971,0.6162652980655995,5.504540071062043,3.0211212001579226,0.39873667587841555,-0.8251085669166982,1
20010412,-0.9900990099009941,701600.0,10.824510002020569,2.843200646595329,7.810466760961855,4.854516063851276,2.2651040614265554,1.7781369973731975,1
20010416,-0.07917656373714617,596000.0,8.585609659540728,0.6367775138559265,5.551860649247865,2.1446951702295993,-0.32858273950911304,-0.2929532858274015,1
20010417,0.11820330969267588,736500.0,8.078408195429445,0.06382978723408976,4.92316784869981,1.1889282899921276,-1.14460204885736,-0.5043341213553845,0
20010418,-0.09813542688911533,3446000.0,7.643572129538716,-0.3654563297350054,4.457703631010823,0.2737978410206049,-1.4838076545632977,-0.9303238469087274,1
20010419,-0.20408163265306412,1589800.0,11.878877551020366,3.560000000000041,8.431020408163322,3.5653061224489795,2.4346938775510303,2.3346938775510315,1
20010420,-4.003109211037704,1092400.0,6.515934706568176,-1.3330742324134834,3.152739992226998,-1.5983287990672328,-1.9549164399533483,-1.7916828604741488,0
20010423,-0.061187028349992116,611700.0,11.744340199877575,3.5702631042219677,8.12849275953502,3.0491535794411533,2.60248827248624,2.4678768101162425,0
20010424,-0.14358974358974416,985600.0,12.322666666666624,4.122871794871842,8.573128205128237,3.625641025641022,2.914871794871808,2.231794871794874,0
20010425,0.04284490145673335,817400.0,17.21840188517561,8.674378748928921,13.134532990574135,7.875964010282771,6.533847472150808,4.935732647814914,1
20010426,-0.02074688796681559,746200.0,13.455912863070472,5.216390041493817,9.325726141078833,4.09336099585062,2.663900414937742,1.2946058091286208,1
20010427,0.227225779797576,640000.0,12.90146663912408,4.8070646560628445,8.622598636645334,3.271018384631277,1.9954554844040364,-0.4048750258211072,1
20010430,0.5040322580645161,616500.0,10.160383064516054,2.373991935483889,5.807661290322554,0.4415322580645042,-0.6370967741935678,-2.564516129032269,1
20010501,0.10050251256280836,408000.0,9.808743718592902,2.1658291457286727,5.357989949748711,-0.1386934673366887,-1.1396984924623261,-2.4562814070351786,0
20010502,-0.08006405124099109,488100.0,9.28482786228976,1.83446757405926,4.6393114491592815,-0.6425140112089772,-1.7534027221777517,-1.5532425940752528,0
20010503,0.0,653500.0,12.443425391591,4.93693322341303,7.4534212695794935,2.255770816158278,1.0634789777411193,1.5004122011541663,0
20010504,-0.6289308176100717,1022400.0,14.29528301886783,6.834171907756817,8.952620545073335,3.8930817610062873,2.012578616352203,2.947589098532492,1
20010507,0.8920985556499611,1121500.0,15.729609175870776,8.290569243840283,10.058198810535227,4.896983857264236,2.9418011894647367,3.2327952421410484,1
20010508,0.5571605447791912,820800.0,12.379385059843075,5.258770119686355,6.740817168798974,1.7406108130416813,-0.04952538175815292,-0.2393726784977147,1
20010509,1.1326860841423994,1090700.0,10.087378640776603,3.248179611650511,4.3867313915857125,-0.4429611650485317,-1.472491909385102,-2.4271844660194093,1
20010510,-0.3530796390741462,983800.0,6.684386033738635,0.24892114554728567,1.0498234601804275,-3.4189878383679777,-3.9034915653197375,-4.4095723813260195,0
20010511,-1.1158137745286618,403000.0,4.566852635628988,-1.5309734513274198,-1.0076952674105726,-5.03751442862639,-5.065409772989617,-4.601769911504417,0
20010514,0.43392504930966247,463100.0,7.131065088757289,1.0944773175542333,1.3230769230768806,-2.6222879684418205,-2.4516765285996236,-0.7652859960552371,0
20010515,-0.43375394321766336,262900.0,7.006604889589823,1.1537854889590053,1.0654574132491939,-2.664629337539435,-2.2988958990536497,0.08675078864352707,1
20010516,0.0,779500.0,7.392970297029599,1.655049504950493,1.2998019801979874,-2.285148514851492,-1.7663366336633863,0.9425742574257409,1
20010517,0.038343558282214585,558500.0,3.945552147239182,-1.4488113496932329,-2.057515337423313,-5.092024539877285,-4.194785276073625,-1.8174846625766745,1
20010518,-0.3209363790825028,348300.0,2.3316027940342807,-2.827827071927509,-3.602794034359085,-6.400792901642431,-4.664904663016795,-2.9450632433452806,1
20010521,-0.07557150954090147,704500.0,2.397600604572009,-2.6623842811260126,-3.602116002267154,-5.961647458907985,-3.487625165312684,-2.0290950311732576,1
20010522,0.14773776546629416,741100.0,0.10692520775614751,-4.767313019390592,-5.776546629732226,-7.581717451523519,-4.611265004616792,-2.9695290858725576,1
20010523,0.018005041411591663,798000.0,-2.390799423838748,-7.05203456967952,-8.005041411595256,-9.09704717320849,-5.900252070579764,-3.5830032409074577,1
20010524,-0.48283261802575667,1909400.0,-3.0403254649500058,-7.616952789699583,-8.579399141630905,-9.024499284692409,-5.65629470672391,-2.893419170243208,1
20010525,-0.3392705682782067,1428700.0,-7.977268871925427,-12.233757421543686,-13.159626802374888,-12.806615776081415,-9.32315521628498,-5.855810008481761,1
20010529,-0.06800408024481323,1023000.0,-7.715912954777357,-11.86110166609998,-12.882012920775255,-11.830159809588576,-7.742264535872156,-3.6450187011220643,1
20010530,-0.43602213650847743,1121400.0,-8.915478785846119,-12.864330035217183,-13.928894851584756,-12.19939627704175,-7.501257756163016,-3.115881267818207,1
20010531,2.7862725110431543,1192800.0,-7.691641182466938,-11.520897043832832,-12.720353380903793,-10.294767244308504,-4.8708800543663004,-0.7203533809038387,1
20010601,6.666666666666667,2608100.0,-9.39600000000008,-12.978000000000023,-14.240333333333291,-11.042500000000004,-5.371666666666665,-1.2466666666666744,0
20010604,0.1107244542866186,772200.0,-13.93095539386276,-17.147896235368574,-18.305599493831036,-14.34593483074976,-8.570072761784244,-4.9256564378361345,0
20010605,-1.100478468899529,1153900.0,-13.135805422647598,-16.206379585326978,-17.26379585326951,-12.389952153110041,-6.2535885167464205,-2.8995215311004747,1
20010606,-0.07987220447285026,1196400.0,-12.937380191693354,-15.781469648562318,-16.693929712460033,-11.120607028753996,-4.753993610223663,-1.7955271565495246,0
20010607,-0.3492063492063474,518600.0,-13.433095238095289,-16.09206349206351,-16.806984126984105,-10.608730158730161,-4.17460317460319,-1.1047619047619128,0
20010608,-1.5078601219121026,657000.0,-12.461260827719025,-14.980750721847938,-15.590311196663425,-8.751203079884505,-2.130253448828984,0.692974013474498,1
20010611,0.03211303789337833,712200.0,-12.329560051380913,-14.709698137443814,-15.178869621066132,-7.836384071933201,-1.5012845215157276,0.48811817597945095,0
20010612,-1.1006798316607311,485200.0,-11.56563612819688,-13.807542894140518,-14.211071544189027,-6.193752023308519,-0.22499190676594835,1.0035610229847807,0
20010613,-1.6380149205319463,609500.0,-11.351686668829114,-13.409179370742766,-13.74732403503079,-5.124067466753154,0.2984106389880177,0.895231916964007,1
20010614,0.3273322422258523,518200.0,-10.533797054009899,-12.415548281505732,-12.619639934533527,-3.387070376432075,1.5842880523731526,1.198036006546632,1
20010615,0.24650780608052353,700900.0,-10.15718981101075,-11.832210353327854,-11.871487263763324,-2.2760887428101624,2.141331142152842,1.1240755957272055,1
20010618,-0.325203252032525,614300.0,-11.086910569105758,-12.576097560975594,-12.391544715447123,-2.615447154471509,0.7821138211382256,-0.1983739837398372,1
20010619,-1.4313597918022047,449700.0,-11.047007156799026,-12.370039037085231,-12.006180871828224,-1.8884189980481132,0.6164606376057334,-0.26350032530904205,1
20010620,-0.3542673107890481,763900.0,-11.932769726248042,-13.12560386473428,-12.498228663446046,-2.2278582930756694,-0.4685990338164429,-1.117552334943655,1
20010621,0.0631014355576576,951000.0,-13.725351001735353,-14.724719987379695,-13.890834516485247,-3.5983593626754766,-2.4325603407477545,-2.4073197665246937,0
20010622,0.14117647058824065,688400.0,-14.211058823529482,-15.062745098039205,-13.966431372549016,-3.5286274509803777,-2.762352941176475,-2.0486274509803883,0
20010625,-0.29949558638082874,523500.0,-13.806588902900451,-14.501261034047902,-13.106242118537198,-2.7033417402269806,-2.104350567465323,-0.9583858764186697,0
20010626,-0.19193857965451783,650900.0,-12.59756877799113,-13.075655790147152,-11.443698016634679,-0.9756877799104277,-0.5454254638515579,0.8317338451695508,0
20010627,0.08172605426609539,840400.0,-10.753269042170718,-11.055246812683878,-9.163452108532214,1.3198757763975115,1.554429552141235,2.7394573389996646,1
20010628,0.0,762300.0,-11.986048387096869,-12.083870967741932,-10.008387096774202,0.23306451612904489,0.3564516129032317,0.9322580645161224,0
20010629,-0.7965588657001752,1061600.0,-13.076549306993881,-13.014656683128884,-10.673570176836083,-0.7758483351919849,-0.5687430301099353,-0.618129679783333,0
20010702,-2.011680726800782,609200.0,-11.405337443218786,-11.29445165476963,-8.705710577547057,0.9149902660609879,1.276768332251783,0.61972744970799,1
20010703,-0.06531678641410703,282900.0,-10.774167210973316,-10.570378837361204,-7.710646636185525,1.4549314173742507,1.899085564990197,0.8589157413455197,0
20010705,-0.40849673202614384,534500.0,-10.66625816993473,-10.378758169934635,-7.2434640522876155,1.4068627450980344,1.8186274509803912,0.9313725490196083,0
20010706,-0.0496442164487856,399700.0,-9.491808704286022,-9.107066026807864,-5.606486844282673,2.486347840476569,2.6261790501406526,1.697832202548397,1
20010709,-0.39735099337748675,448600.0,-9.422350993377563,-8.95612582781456,-5.15562913907289,2.3766556291390804,2.122516556291385,0.9635761589404104,1
20010710,-0.0978633175664692,437500.0,-10.749959223617788,-10.187408253139802,-6.142554232588539,0.7780133746533838,0.2593377915511202,-0.6426357853531092,0
20010711,0.5352798053527953,496400.0,-11.227250608272607,-10.5712895377129,-6.269261962692646,0.21167883211678482,-0.4347120843471335,-1.0575831305758214,0
20010712,0.0,1087900.0,-9.459298477829355,-8.657842488418286,-4.039046988749211,2.1169755129053587,1.4361350099272159,0.6717405691595069,1
20010713,0.7641033978214906,797000.0,-11.041863111689267,-10.171029100959217,-5.33279141602995,0.37392293935944865,-0.40806372947487835,-0.7283368557958063,1
20010716,0.06378568011481286,383600.0,-12.746930314144588,-11.776431191197618,-6.691755700845212,-1.398501036517317,-2.3233933981821093,-1.8912454154042417,1
20010717,-0.32164683177871156,486800.0,-11.996220649726721,-10.925056288195604,-5.430685107751727,-0.5033772917336803,-1.403988420714052,-0.7751688645866828,0
20010718,-0.302114803625374,648300.0,-13.008506916839035,-11.802512323103869,-5.995547781841336,-1.5145492129114335,-2.2547304817936067,-1.5010335506439745,0
20010719,0.8878127522195273,575300.0,-11.713155770783008,-10.318159806295421,-4.133656174334164,-0.03228410008070383,-0.6505246166263323,0.48103309120258564,0
20010720,-0.16103059581320678,564600.0,-11.948792270531529,-10.42576489533014,-3.957487922705347,-0.37761674718197125,-0.6215780998389738,0.4283413848631211,0
20010723,-0.08130081300812546,590300.0,-11.111626016260265,-9.456910569105695,-2.678373983739869,0.41138211382115,0.5268292682926797,1.0146341463414672,0
20010724,-0.9900990099009892,535200.0,-11.280636260347443,-9.510144457068671,-2.539522804739523,0.08359032624574635,0.3960396039603957,0.6492452523941011,1
20010725,-0.14805066622799193,1445700.0,-10.124691561112122,-8.193781872018427,-0.8929100180951043,1.2913308109886672,1.608817239677593,1.3160059220266445,1
20010726,0.3764115432873306,1353900.0,-14.32873274780436,-12.352258469259722,-5.100376411543292,-3.2245922208280904,-2.60351317440401,-2.835633626097867,1
20010727,0.03116235587409788,1333700.0,-14.896229354939322,-12.79370520411345,-5.295107510127791,-3.6880648177002247,-2.8248675599875495,-2.8233094421938483,1
20010730,0.23087578882562057,805800.0,-15.942358011389954,-13.710481760812671,-6.052331845467141,-4.689856857010924,-3.658611666923199,-2.9367400338617844,1
20010731,0.2473716759430992,868300.0,-15.57135126777994,-13.16202844774274,-5.269016697588127,-4.027520098948665,-2.8401360544217735,-1.5522572665429772,0
20010801,0.0,1042500.0,-17.0488990129082,-14.53773728170082,-6.559757023538316,-5.382687927107028,-4.116932422171579,-1.7646165527714381,0
20010802,0.4658385093167658,693500.0,-15.175232919254764,-12.4554347826087,-4.1375776397515525,-3.0038819875776395,-1.5776397515528031,0.6459627329192497,0
20010803,-0.35943116111893103,455000.0,-14.628926394749268,-11.706204094389737,-3.259259259259258,-2.1042350367244866,-0.651664322550401,1.2314424128769956,0
20010806,0.3147128245476048,512000.0,-14.042879622344678,-10.952478363493286,-2.3493312352478064,-1.1785995279307446,0.3587726199842668,1.4854445318646776,0
20010807,-0.20556609740670864,574500.0,-13.612191650853983,-10.392789373814022,-1.7349778621125769,-0.5415876027830504,1.108475648323824,1.5275142314990304,0
20010808,0.07874015748031048,469800.0,-13.960000000000106,-10.646299212598409,-1.9899212598425036,-0.8031496062991982,1.1212598425197127,0.37165354330710443,0
20010809,0.0803729303970377,613900.0,-12.18976048866753,-8.686545571451523,0.12538177141939072,1.3960778009966317,2.968976048866721,1.7489149654396414,0
20010810,0.5795235028976167,640400.0,-12.093770122343955,-8.462652929813238,0.3754024468770295,1.5920798454604292,2.7865421764327136,1.294269156471349,1
20010813,0.2914035939776586,598800.0,-11.622308564027968,-7.848146349360519,1.0014570179698894,2.0916302412174335,2.850898494414746,1.2918892666342798,0
20010814,-3.755127800568006,2845300.0,-13.870700536446948,-10.03550015777847,-1.5591669296307968,-0.4070684758598969,0.033133480593259546,-1.2369832754812227,0
20010815,-5.158069883527457,4180200.0,-9.208818635607441,-4.978868552412646,3.7267886855241303,4.796173044925113,4.535773710482528,3.0216306156405914,1
20010816,-0.3487358326068053,856800.0,-4.9056669572799745,-0.27515257192676845,8.517523975588501,9.420226678291188,8.319093286835223,6.266782911944205,0
20010817,-1.398601398601406,667400.0,-4.710314685314794,0.11398601398602162,8.599300699300693,9.278846153846136,7.416083916083899,4.825174825174821,0
20010820,-2.3280238053562146,1174200.0,-4.640556625240793,0.3287239628916556,8.54997374409242,9.030281813408013,6.423945387712225,3.329249081043236,0
20010821,3.167420814479638,1092000.0,-1.4324886877829168,3.8014479638008996,11.989140271493191,12.164705882352948,8.59909502262443,3.902262443438899,0
20010822,-0.3081384810585494,1075200.0,-1.3259923871670518,3.9896682979880436,11.911908646003228,11.818017038245442,7.246692042776879,2.2657241254304874,1
20010823,1.0101010101010048,1245600.0,-0.06418732782379959,5.400367309458218,13.126905417814477,12.441689623507823,7.239669421487616,2.5528007346189043,1
20010824,0.8205307262569812,689000.0,-5.024354050279413,0.3060405027933085,7.404329608938534,6.284043296089396,1.096368715083799,-2.486033519553059,1
20010827,-0.01716738197424551,559600.0,-6.59141630901295,-1.205665236051516,5.526523605150179,3.9373390557940064,-1.191416309012868,-3.725321888412008,0
20010828,0.3913561340820093,716900.0,-7.42360047643363,-1.9110090182065935,4.499914922579506,2.5148885485792096,-2.850093585162493,-3.379275140377739,0
20010829,0.51724137931034,371400.0,-6.184913793103517,-0.47965517241380223,5.76724137931033,3.199137931034494,-1.9224137931034395,-1.1206896551724113,0
20010830,0.01742463843874893,378300.0,-5.136957658128686,0.7051751176162817,6.7273044084335085,3.6853110297961225,-0.8729743857815034,0.9548701864436345,0
20010831,0.035410764872526784,390000.0,-3.609861898017079,2.4231586402265926,8.20219546742209,4.691041076487271,0.5966713881019763,2.298158640226632,0
20010904,0.5685856432125094,366100.0,-3.272032693674567,2.8869936034114767,8.32125088841504,4.417199715707173,0.803127221037653,1.9616204690831414,1
20010905,0.2134092121643332,432500.0,-3.1928685754935957,3.098346078605683,8.161123955184038,3.8867152765427666,1.0670460608216281,1.1488529254846183,0
20010906,-0.10487676979549426,343600.0,-4.841111693759926,1.449222163957295,6.122705820660687,1.5574200314630278,-0.3076385247334292,-0.8599895123230281,0
20010907,-0.24933214603740086,656000.0,-3.0406055209261984,3.4603739982190143,7.9469278717720195,2.934995547640255,1.8771148708815584,0.5699020480854985,0
20010910,-0.1983411467724476,400600.0,-1.8194194013704503,4.828885683375368,9.054093040028825,3.615218175261467,2.816444284168779,1.453299675441755,0
20010917,-1.5783744557329418,502800.0,-1.1758889695211372,5.586538461538416,9.449201741654543,3.651124818577667,2.8828011611030586,1.6582002902757778,0
20010918,-0.5755662829558156,789100.0,1.1857593761603338,8.101188265874454,11.720757519494967,5.192164871890075,4.378017081321953,3.156331229112519,0
20010919,-0.09633911368014866,1542800.0,5.040944123313999,12.238921001926748,15.579961464354525,8.374759152215784,7.144508670520241,5.0057803468208215,0
20010920,-0.6508033353670943,1107600.0,10.856314826113387,18.479153955663975,21.507829977628624,13.560097620500297,11.421598535692494,7.996745983323154,0
20010921,-0.020255215718043368,744400.0,10.403382621024845,18.053676321652784,20.567551144419696,12.307069070285614,9.530078995341313,5.092161231517122,1
20010924,1.192924722336498,663200.0,12.095433977786833,19.88338132455776,21.942821883998352,13.164335664335653,9.64417935006169,4.0394899218428755,1
20010925,0.5798840231953593,611100.0,9.018596280743775,16.58328334333128,18.101579684063186,9.495100979804054,5.352929414117176,-0.39192161567684636,1
20010926,0.9708737864077669,451100.0,5.922135922330017,13.24718446601936,14.29048543689319,5.970873786407773,1.1961165048543683,-3.42912621359223,1
20010927,0.03881234232485158,402300.0,5.926256549582702,13.215796623326174,13.878129245099904,5.625849019988345,0.2406365224141184,-2.569377061905682,1
20010928,2.2812266267763763,1295500.0,2.142670157068005,9.15351533283465,9.425579655946118,1.4192221391174278,-3.7845923709798077,-4.5848915482423305,1
20011001,1.9923231584719363,1430500.0,-0.061597514165645205,6.812648510327134,6.673003107292967,-1.1844269786145187,-6.022664960701886,-4.5037470297934545,1
20011002,0.3184713375796173,1290700.0,-3.14463906581747,3.5481245576786375,3.0566171266807998,-4.547947629157799,-8.56157112526539,-5.258315640481247,1
20011003,0.0,482100.0,-2.5775111111111704,4.2081777777777285,3.3151999999999795,-4.24533333333333,-7.349333333333334,-3.1146666666666585,1
20011004,0.4913142656606442,630300.0,-3.7455693981400975,3.004737673275955,1.7996139673626652,-5.523776101070369,-7.180207053869098,-2.456571328303196,0
20011005,1.2569832402234618,765200.0,-4.131721368715146,2.620111731843535,1.1159217877094765,-5.932262569832395,-6.269203910614526,-1.6236033519553068,0
20011008,0.0,408900.0,-3.8062992125984874,2.9615048118984797,1.1937007874015655,-5.6421697287839,-4.563429571303594,-0.5459317585301796,0
20011009,-0.2965806001395703,638500.0,-3.9775819958130287,2.749302163293772,0.7438939288206453,-5.826936496859741,-3.5711793440334914,-0.5617585484996435,0
20011010,0.26714158504006874,1707500.0,-1.8652715939448443,4.987355298308084,2.6778272484416594,-3.9590382902938535,-0.7337488869100606,1.4746215494211858,0
20011011,1.0196374622356479,1729900.0,4.114425981873048,11.35347432024169,8.454682779456157,1.524735649546823,5.515483383685786,6.0649546827794625,0
20011012,0.018709073900838185,941800.0,3.216183348924167,10.387839101964444,7.058933582787631,0.40598690364825374,4.54256314312441,3.659494855004656,0
20011015,-5.015197568389058,1862100.0,4.874050151975629,12.095554711246201,8.237841945288736,1.7154255319148777,5.757978723404267,3.5410334346504637,1
20011016,0.3891050583657643,1027900.0,7.454766536964938,14.76926070038912,10.332295719844359,3.9299610894941694,7.313229571984451,3.7354085603113014,0
20011017,-1.3387660069848617,2126300.0,7.196643383779549,14.430539386883973,9.477299185098936,3.6127279782693087,6.107877376794701,1.6647264260768138,0
20011018,1.4640097600650648,1085300.0,12.338653924359457,19.820658804392043,14.111834078893853,8.585807238714919,9.611630744204955,5.00610004066693,0
20011019,-0.18446402951423715,1156500.0,13.223611395777777,20.640090182414422,14.400901824144269,9.394343103094883,8.74769419963106,3.9352326296372246,1
20011022,-0.42160208793415144,1127000.0,10.881148363782312,18.046978518369798,11.506524794218015,7.273639831359175,5.0471792812688125,0.6705480827143064,0
20011023,-5.571847507331381,2007300.0,7.975953079178836,14.801955034213094,8.112609970674473,4.57478005865102,1.0889540566959826,-2.0645161290322527,0
20011024,1.557632398753894,1112000.0,14.701765316718538,21.73312564901352,14.211007268951189,10.742471443406036,5.725856697819311,2.6292834890965846,0
20011025,0.5418924551896731,967300.0,15.10733639016254,21.92163401417259,14.022509378907868,10.764902042517715,5.062526052521889,2.4927052938724574,1
20011026,-0.7475083056478394,1404800.0,14.690406976744171,21.24377076411962,13.016611295681077,9.798588039867113,3.5714285714285845,1.8480066445182737,1
20011029,0.0,1049900.0,9.956915422885553,16.006965174129355,7.857512437810945,4.788059701492549,-1.2119402985074519,-2.212935323383088,0
20011030,-0.5235602094240798,636200.0,11.293797825211438,17.11216270640355,8.58638743455498,5.342327829238851,-0.3886427708417194,-1.6512283527990341,0
20011031,-0.2281684297863502,827300.0,14.656295374403626,20.333955610869094,11.359054138145595,7.6768305330844235,1.9166148102053506,1.3316739265712423,0
20011101,0.0,778600.0,15.916981132075467,21.308176100628916,12.145073375262037,7.85429769392033,2.6960167714884573,2.2976939203354223,1
20011102,-0.020815986677764384,418800.0,15.087843463780192,20.138218151540396,10.97002497918402,6.129267277268938,1.8130724396336284,1.5237302248126696,1
20011105,0.2916059154342857,976200.0,15.155280149968753,19.91480941470526,10.659445948760666,5.243699229327206,1.5017704644865582,0.6540304103311811,0
20011106,0.6419548560778676,1063400.0,14.464692482915718,18.929799130254736,9.729550631600745,3.6984882998550455,0.3209774280389485,-0.49699730793123814,0
20011107,-0.4158004158004217,1627500.0,14.910706860706856,19.115176715176748,9.869022869022869,3.271309771309762,0.7068607068606991,-0.14968814968815536,0
20011108,1.662807829930539,1572500.0,16.33845506209219,20.296569143338285,10.941275520942959,3.980214691643861,1.8585560934540006,1.0103136181856387,0
20011109,-0.21739130434782916,887800.0,20.126086956521743,23.917173913043506,14.092608695652183,6.5836956521739,4.732608695652173,3.4391304347825944,1
20011112,0.9552757273121965,747600.0,19.956686930091173,23.43465045592706,13.41467650890142,5.730568823273955,3.686495874945708,2.457663916630462,0
20011113,-31.861600509445974,14952200.0,17.253024835491395,20.37805136913609,10.391848864360012,2.918700912757346,0.8342177881553824,-0.32689450222881844,0
20011114,-1.0854341736694635,8260800.0,93.02485994397759,97.41211484593842,80.03081232493,65.74229691876751,59.44677871148462,50.72829131652662,1
20011115,0.0717875089734371,3167000.0,97.39321608040201,101.14321608040204,82.43431442928933,66.08040201005025,56.3316582914573,40.40918880114861,1
20011116,0.8802816901408451,1709100.0,93.21232394366197,96.08661971830989,76.98802816901413,59.332746478873254,46.443661971831006,25.345070422535215,1
20011119,1.5624999999999976,1249100.0,90.08090277777774,92.1496527777778,72.6215277777778,53.47222222222223,37.73958333333334,11.618055555555555,0
20011120,0.2770083102493139,943900.0,89.11686288088642,90.42070637119119,70.24930747922443,49.19148199445984,30.63711911357342,-1.315789473684207,0
20011121,-0.03481894150417134,1421200.0,89.76427576601675,90.30466573816163,69.21378830083572,46.63997214484681,24.616991643454043,-0.6545961002785723,0
20011123,0.21246458923513553,401700.0,92.53275495750714,92.37287535410772,70.1133144475921,45.63739376770539,19.911473087818703,1.303116147308777,1
20011126,-0.17793594306050076,1262600.0,93.05177935943063,92.12491103202854,69.01352313167263,42.79359430604984,14.138790035587185,1.5943060498220654,1
20011127,0.3472222222222148,1474900.0,87.93072916666672,86.27569444444451,63.07777777777782,35.598958333333336,5.37152777777778,-0.8749999999999961,1
20011128,0.7857874957294172,945400.0,84.49231294841138,82.17868124359416,58.778954560983976,29.93850358729075,-2.4154424325247716,-2.200204988042371,1
20011129,0.6567576909782278,1317000.0,86.25527134462504,83.20290356031808,59.057034220532366,28.133425509851374,-1.140684410646382,-0.9056342896647095,1
20011130,-0.20161290322581407,1174500.0,80.66935483870975,77.03696236559144,53.31653225806454,21.545698924731166,-3.259408602150546,-2.6478494623656044,1
20011203,0.36826247070639245,1516500.0,79.623702711751,75.36190157348517,51.446267157683344,18.056578506863072,-3.1235353197187807,-1.821225309675261,0
20011204,0.4352192835620991,1161200.0,79.21961834616681,74.3398058252428,50.19082691663882,15.020087043856698,-2.765316370940733,-1.1047874121191774,1
20011205,0.3401360544217735,2868600.0,81.66717687074838,76.04149659863951,51.18979591836739,13.646258503401388,-1.0340136054421598,0.5646258503401494,1
20011206,1.5312916111850894,2075800.0,77.38498668442084,71.23868175765654,46.539946737683145,8.219041278295611,-2.703062583222362,-0.8388814913448698,1
20011207,1.394169835234478,2051400.0,68.50205956907483,62.07636248415726,38.216730038022874,0.4800380228136952,-6.337135614702144,-4.474017743979707,1
20011210,0.0936914428482012,2233200.0,65.69362898188635,58.826983135540345,34.89069331667711,-3.146470955652729,-6.458463460337281,-4.503435352904435,0
20011211,0.34066274388355355,949600.0,63.947352121399895,56.55682873954794,32.3741096314649,-6.088572313409739,-6.159801796221743,-3.8030349953545928,0
20011212,-0.6369426751592334,916700.0,68.20254777070073,60.01401273885357,34.52611464968155,-5.928343949044562,-2.8216560509554003,0.1974522292993668,0
20011213,-0.6675143038779429,966800.0,67.51033057851245,58.709790209790235,32.693579148124634,-5.646853146853154,-2.202797202797196,0.9090909090909134,0
20011214,0.5514109633473945,764100.0,70.5754135582226,60.94356146610453,33.708076548816166,-3.2371067142393697,0.1427181316899255,2.4975673045734776,0
20011217,-0.22515278224509583,1132700.0,68.75908652299782,58.60019298809911,30.905114184625326,-3.6137021550337844,-0.3023480218719884,1.0421357349630045,0
20011218,0.03227888960619112,1006300.0,68.95997417688837,58.17817947062625,29.68043899289868,-2.9196255648805756,0.4099418979987053,0.5551969012266113,1
20011219,0.5802707930367496,511800.0,68.35670535138627,56.98807221147655,27.817537072856275,-2.6998710509348878,0.8027079303675009,0.18052869116699208,0
20011220,-0.3852327447832984,359200.0,67.27174959871599,55.38138041733557,25.678972712680633,-2.7158908507223005,0.7383627608346838,-0.43659711075441165,1
20011221,-0.12878300064391227,899300.0,67.35109465550558,54.77881519639416,24.632968448164867,-1.9800386349001882,0.8692852543464363,-1.1438228199615265e-14,0
20011224,-0.74002574002573,318300.0,66.84732947232958,53.614221364221436,23.113256113256135,-1.5637065637065775,0.5019305019305096,-0.07078507078506585,1
20011226,0.8051529790660225,445900.0,66.6125603864735,52.6702093397746,21.841545893719807,-1.106280193236734,0.19967793880835447,0.07085346215781649,1
20011227,0.5396825396825451,649000.0,63.87158730158738,49.43587301587306,18.837460317460312,-2.165079365079383,-1.2000000000000117,-1.0539682539682562,1
20011228,0.0936914428482012,788700.0,60.85399750156159,45.952529668956934,15.688319800124905,-3.271392879450364,-2.6296064959400556,-2.1174266083697715,0
20011231,-0.9259259259259172,513800.0,58.63070987654334,43.25308641975314,13.29567901234568,-3.9984567901234698,-3.28703703703703,-2.438271604938258,0
20020102,-1.368119630925866,633900.0,63.20012726694254,46.638243716194786,15.68755965637925,-0.7874642061724653,-0.19408208717783276,0.7954183900731784,0
20020103,-0.35472428248952914,732200.0,65.03176394711392,47.5749758142535,16.041921960657824,0.7400838439212865,1.1673653660109473,2.134795227346026,0
20020104,0.032320620555908244,727900.0,65.00904977375575,46.86489980607633,14.99806076276661,1.2168713639301532,1.3703943115707689,2.003878474466713,0
20020107,-0.6262359920896549,647400.0,67.84442979564942,48.67633487145688,16.098220171390867,3.2679630850362393,3.1081081081081248,2.913645352669744,1
20020108,-0.1976284584980195,833400.0,67.31884057971027,47.529314888010596,14.861001317523012,3.002305665349121,2.8096179183135757,1.5019762845849902,1
20020109,-0.32647730982696005,472800.0,65.42278811622604,45.200783545543636,12.703885079986923,1.8674502122102488,1.7564479268690834,0.08488410055501078,1
20020110,-0.5566470203012382,457600.0,65.4959070072038,44.606090373281,11.745252128356242,1.8811394891945121,1.88932547478717,0.07203667321546176,1
20020111,-0.6849315068493178,656300.0,64.47325505544696,42.97292889758646,10.068493150684885,1.3617090671885321,1.2165688193085373,-0.5022831050228308,1
20020114,-0.7820136852394981,457400.0,63.97702834799615,41.87487781036168,8.819159335288337,1.1371782339524164,0.6842619745845349,-0.371456500488761,0
20020115,-0.5218525766470977,441200.0,63.84001956947172,41.14318330071758,7.8140900195694405,1.2084148727984338,0.21526418786694734,-0.07827788649705596,0
20020116,-0.7550886408404478,580600.0,64.5966841759686,41.192055154300746,7.367695338148342,1.7695338148391149,0.5548260013131993,0.466185160866697,0
20020117,0.2295081967213124,527200.0,64.03049180327875,40.133770491803276,6.078688524590115,1.5573770491803092,0.25573770491801917,0.30819672131147935,0
20020118,-0.7984031936127693,404500.0,66.06653359946779,41.346972721224226,6.418496340652009,2.8842315369261273,1.43047238855622,1.377245508982041,0
20020122,-0.06686726847208149,240600.0,66.51186894015386,41.211300568371755,5.735874289535244,3.1929120695419297,1.7953861584754351,1.3640922768304955,1
20020123,-0.9063444108761315,345400.0,66.80127559583761,40.95233299765022,4.9721383014434055,3.3954347096340993,2.014098690835844,1.1883182275931494,1
20020124,0.033388981636065324,479100.0,65.56210350584317,39.28681135225376,3.3395659432387057,2.654424040066772,1.2420701168614472,0.3071786310517369,1
20020125,2.8724114896459563,843500.0,65.29893119572485,38.38777555110221,2.29726118904473,2.5033400133600456,1.0754843019372287,-0.03340013360053962,0
20020128,-0.03288391976324092,268000.0,62.440973364025055,35.31634330812231,-0.38211114764883214,0.739888194672798,-0.5688918119039732,-1.3482407102926675,0
20020129,-0.33145508783560296,472300.0,63.39608882996362,35.47033476963871,0.5170699370235058,1.2346702021875993,0.04971826317534163,-0.39111700364601293,0
20020130,2.288251366120212,629700.0,68.00717213114763,38.628073770491795,3.6693989071038033,3.77903005464481,2.619535519125669,2.288251366120212,0
20020131,0.13600816048962647,522700.0,66.89595375722553,37.09486569194152,3.279836790207403,2.9768786127167712,1.8089085345120586,1.4688881332880046,1
20020201,0.30716723549488006,428700.0,67.15802047781581,36.68873720136517,3.7017064846416323,3.071672354948837,1.7815699658703141,1.4129692832764675,0
20020204,-0.8127328140873755,685200.0,65.51811716898078,34.71994581781237,2.9380291229258244,2.0301388418557607,0.8093464273619952,0.027091093802909305,0
20020205,0.2466525722339686,786800.0,71.8350951374208,39.16314305849188,7.085271317829445,5.81923890063427,4.355179704016928,2.8188865398167624,0
20020206,-0.18024513338138845,1052500.0,75.38464311463599,41.3496755587599,9.519826964671923,7.788392213410248,6.0237923576063555,4.080749819754885,0
20020207,0.5528934758569928,535800.0,78.88905270917807,43.48359749354957,11.910799852561716,9.5669001105787,7.3682270549207605,4.7401400663472355,1
20020208,0.5524861878453118,522200.0,78.3548802946594,42.347697974217304,11.70681399631676,8.861878453038695,6.261510128913468,3.0791896869245012,1
20020211,0.28756290438532817,540400.0,73.63461538461546,37.98346513299784,8.912293314162453,5.729690869877803,2.771387491013662,-0.6326383896477424,1
20020212,0.17482517482516488,838100.0,68.54195804195807,33.405594405594385,5.9188811188811,2.4807692307692504,-0.5804195804195692,-3.1888111888111976,1
20020213,1.6713091922005585,1804500.0,67.48903203342626,32.13614206128132,5.403899721448455,1.7148328690808037,-1.1908077994428803,-2.9108635097493107,1
20020214,4.587470044505306,2345300.0,64.38034919548103,29.229373502225243,3.59055118110235,-0.20540910647039462,-2.9168093118795064,-3.115371448134201,0
20020215,0.784447476125513,551400.0,63.44167803547067,28.086289222373793,3.164392905866295,-0.7810368349249753,-3.274215552523865,-1.9986357435197888,0
20020219,0.23947998631543033,361000.0,63.61683202189532,27.76975709887101,3.4704071159767187,-0.6175162504276379,-3.079028395484087,-0.7321245295928914,0
20020220,0.8790436005625879,416300.0,67.78973277074545,30.50808720112515,6.232067510548514,1.8846694796062058,-0.36568213783403375,1.9127988748241929,1
20020221,0.7319623562216705,321600.0,65.96061345416523,28.574764726385478,5.106308818403624,0.8051585918438785,-0.9027535726734065,1.0038340885325907,1
20020222,0.10409437890354314,415300.0,64.84524635669678,27.139139486467705,4.410131852879935,0.15440666204024747,-0.7633587786259503,0.27758501040943195,1
20020225,-0.2762430939226583,203900.0,63.71063535911603,25.635359116022073,3.675414364640881,-0.4989640883978049,-0.6180939226519407,-0.45580110497239296,1
20020226,-0.9336099585062348,386400.0,63.61237897648684,24.854771784232348,3.647302904564291,-0.6189488243430346,-0.10027662517289045,-0.5325034578146608,1
20020227,0.06884681583476618,530500.0,62.56987951807227,23.359724612736628,3.0175559380378405,-1.2564543889845285,-0.39242685025817814,-0.5576592082616268,1
20020228,0.40295500335794976,409500.0,58.27115513767631,19.422095366017448,0.4217595701813131,-3.5930154466084745,-2.478173270651466,-2.2632639355271977,0
20020301,0.0,336500.0,60.62961065573775,20.50512295081965,2.0129781420764825,-1.9689207650273322,-0.7889344262295138,-0.2800546448087457,0
20020304,0.1374570446735366,786000.0,61.24725085910655,20.28659793814432,2.51477663230238,-1.3969072164948737,-0.25085910652919874,0.43298969072164145,0
20020305,-0.17241379310345073,1294300.0,61.40706896551732,19.724827586206892,2.7289655172413774,-1.14827586206896,0.013793103448280468,0.8344827586206928,1
20020306,1.2396694214876014,744900.0,60.8118112947659,18.626377410468304,2.4421487603305634,-1.1707988980716004,0.08264462809918893,0.6887052341597772,1
20020307,0.16393442622951052,679200.0,52.78245901639353,12.211475409836039,-2.4983606557377183,-5.4491803278688495,-4.114754098360664,-3.659016393442634,0
20020308,0.39827414537006633,989400.0,54.32061068702298,12.815466312645194,-1.3640889478924587,-3.7902422834384315,-2.5024892134085674,-1.911715897776316,1
20020311,1.2574454003970965,912800.0,53.49801455989418,11.737590999338188,-1.7127729980145536,-3.568828590337519,-2.375909993381866,-1.462607544672403,1
20020312,-0.47846889952153787,876700.0,47.62041467304633,7.070494417862838,-5.265071770334919,-6.4816586921850075,-5.119617224880395,-3.5151515151515165,1
20020313,0.12457178449081018,468300.0,43.80224229212089,3.9311740890688363,-7.501712862036724,-8.148551853005278,-6.412332606664593,-3.886639676113353,1
20020314,0.9882643607164924,1009100.0,42.26698579369988,2.5457072266831404,-8.274243360098819,-8.34928968499073,-6.389746757257574,-3.5268684373069887,0
20020315,0.030515715593524596,665500.0,40.22642660970402,0.8364357644186667,-9.284101312175771,-8.89685688129387,-6.438815990234968,-3.063777845590483,0
20020318,0.37359900373600424,381000.0,42.69364881693658,2.326276463262785,-7.379202988791998,-6.617372353673698,-3.6052303860522974,0.08094645080947495,1
20020319,0.15239256324290507,844800.0,39.29442243218534,-0.38463882962510576,-9.21304480341356,-8.035659859798812,-4.471197805547096,-1.1338006705272778,0
20020320,-1.468788249693993,416800.0,39.44859241126078,-0.46175030599753036,-8.708690330477314,-7.021113831089328,-2.977356181150548,-0.3916768665850459,0
20020321,-3.610675039246474,875200.0,42.64646781789646,1.625745682888566,-6.236106750392409,-4.102040816326519,-0.025117739403439768,1.871271585557311,1
20020322,-0.5663939584644421,399000.0,42.53461296412844,1.334172435494042,-5.957205789804865,-3.4251101321585895,0.7142857142857264,1.472624292007563,0
20020325,-0.12654223347041807,404200.0,42.85210376463151,1.289465359063617,-5.3837393229989905,-2.486554887693761,1.695665928503665,1.6956659285036424,0
20020326,-0.289017341040462,458600.0,44.493095696853,2.2235067437379894,-3.9248554913294367,-0.658317276814404,3.163134232498392,2.1579961464354547,0
20020327,-0.38560411311054305,572500.0,44.07856683804633,1.7400385604113426,-3.8354755784061236,-0.26188946015422493,2.9113110539845604,1.2210796915167064,0
20020328,-13.736979166666663,8010800.0,45.43570963541669,2.5120442708333885,-2.579427083333278,1.1897786458333246,3.7109374999999902,1.8033854166666734,0
20020401,-0.7013658176448921,2349300.0,64.26098191214476,15.475083056478445,10.225913621262507,14.344776670358064,15.511258767072727,11.982281284606874,0
20020402,1.0980689132904171,1197600.0,67.8101098068914,17.63044301400989,12.754259750094718,16.77962892843621,16.3233623627414,10.927678909503987,1
20020403,0.1489203276247176,611100.0,64.33935219657488,14.86187639612813,10.626954579300135,14.424795234549507,12.159344750558445,5.882352941176464,0
20020404,-1.3821441912588757,867600.0,64.23795293238702,14.45125140082187,10.764288382517792,14.385506163615998,10.328726186029153,2.988419872992158,0
20020405,-0.19531250000000278,2916400.0,71.03984375000002,18.826171875000046,15.499218750000043,18.656250000000014,12.929687500000009,3.695312499999992,0
20020408,0.0,1325100.0,80.17231404958679,24.79958677685955,21.70578512396699,24.295454545454575,16.330578512396716,7.305785123966945,0
20020409,0.24855012427505685,2017800.0,79.85977630488814,24.201739850869973,21.52775476387741,23.345070422535226,13.525269262634634,5.691797845898917,1
20020410,-0.04130524576621876,1068200.0,78.56959933911608,22.89673688558452,20.66418835192071,21.513837257331684,10.334572490706314,3.1970260223048363,0
20020411,-0.36304961678095954,1316100.0,73.65167406212187,19.869302137958893,17.407018959257783,17.194433239209356,5.19967728922952,-0.814844695441703,0
20020412,0.5416666666666625,926200.0,78.57395833333331,23.654166666666697,20.831666666666685,19.30624999999999,5.862500000000001,1.1166666666666694,0
20020415,0.9515928837401608,796400.0,76.50661977658253,22.609433181630134,19.548200248241628,16.688043028547785,3.9098055440628885,0.38063715349607896,1
20020416,0.0,986800.0,76.05099502487563,22.669568822553913,19.36650082918739,15.27155887230512,3.175787728026541,0.572139303482594,1
20020417,0.12160518848803237,943600.0,71.34029185245235,19.764085934333202,16.311309282529404,11.051884880421541,-0.012160518848804676,-1.2971220105391175,1
20020418,0.8610086100861043,676600.0,72.52562525625254,20.96145961459618,17.319393193931937,10.627306273062725,0.15990159901598164,-0.49200492004919,0
20020419,1.048810004033891,593600.0,69.00786607503025,18.87051230334817,15.18838241226301,7.418313836224279,-1.7829770068576187,-1.4602662363856327,0
20020422,-0.5288852725793287,838300.0,69.6906021155411,19.7428803905615,15.965012205044763,6.871440195280716,-0.7892595606183708,-0.28478437754271885,0
20020423,0.3699136868064259,523700.0,70.64426633785452,20.789560213727967,16.924784217016025,6.473489519112219,0.3082614056720216,0.9124537607891546,0
20020424,0.8298755186721962,999400.0,71.49398340248962,21.72780082987556,17.73195020746886,6.029045643153509,1.21991701244812,1.4024896265559912,0
20020425,0.20661157024793683,983600.0,70.02004132231407,21.02933884297526,16.881818181818183,4.161157024793394,0.557851239669428,0.8264462809917326,1
20020426,0.744724865535787,918200.0,69.46503930492347,20.94828299544894,16.650393049234587,2.9354571783202252,0.7529995862639725,0.43856019859328954,0
20020429,-0.40650406504065617,791200.0,65.77459349593494,18.61991869918702,14.236585365853639,0.6300813008130127,-0.8333333333333408,-1.3008130081300968,1
20020430,0.24681201151790325,946500.0,67.00987248046074,19.806252570958506,15.187165775401072,1.398601398601398,0.42780748663101276,-0.1398601398601354,1
20020501,1.0573403822692216,1009900.0,64.3615290768605,18.246441642944312,13.498169987799926,-0.21756811712077942,-0.7482716551443719,-0.8784058560390303,0
20020502,0.2830570157703206,711400.0,62.684593610998796,17.362312980186058,12.5556004852406,-1.1949049737161366,-1.17266477961992,-1.0109179134654411,1
20020503,1.6174686615446767,916700.0,61.96259603720178,17.0861302062273,12.235341690254751,-1.3708046906591271,-1.196926809543077,-0.5580266882329079,0
20020506,0.31987205117952133,577500.0,59.41963214714112,15.495001999200344,10.674130347860837,-2.31307477009197,-2.1311475409836254,-1.3434626149540265,0
20020507,-0.16280016280015933,844800.0,61.49837199837198,17.24908424908429,12.298738298738295,-0.4761904761904798,-0.28083028083029143,0.6349206349206445,1
20020508,0.5794701986754991,931600.0,63.45219370860923,18.939155629139094,13.810430463576132,1.202400662251662,1.436258278145686,1.9867549668874336,1
20020509,-0.5546751188589423,701200.0,55.71236133122027,13.603407290015888,8.638668779714747,-3.0388272583201106,-2.4920760697305777,-1.973058637083984,0
20020510,0.3237555645487588,563600.0,58.298664508296206,15.79239174423312,10.558478348846599,-0.8154593282072008,-0.1821125050586876,0.11331444759207707,0
20020513,0.24803637866886613,415200.0,60.917941298057,17.996279454319968,12.514262091773448,1.3207937164117316,1.7941298057048263,1.5874328234807784,1
20020514,0.9803921568627386,503400.0,58.255514705882284,16.332924836601308,10.803921568627436,0.19403594771241597,0.6576797385620826,0.31045751633985685,1
20020515,0.039682539682545884,714500.0,53.01150793650788,12.778174603174596,7.3365079365079255,-2.563492063492067,-1.9761904761904807,-1.7301587301587158,1
20020516,0.1571091908876636,373200.0,50.755106048703816,11.402985074626873,5.959151610369188,-3.3483896307934122,-2.6904948939513047,-2.560879811468975,1
20020517,-0.3516998827667052,564800.0,49.24345447440401,10.623290347792102,5.037123876514255,-3.6830793278624423,-2.8487690504103274,-2.3681125439624777,1
20020520,1.6578749058025672,547900.0,43.19216277317252,6.492464204973647,1.0067822155237338,-6.761492087415206,-5.749811605124327,-4.0919366993217725,0
20020521,0.18867924528302155,300400.0,42.68245283018863,6.481509433962268,0.8784905660377129,-6.211320754716971,-4.879245283018865,-2.4226415094339737,0
20020522,0.11529592621061159,659900.0,44.57167563412755,8.235203689469643,2.329746348962314,-4.112221368178312,-2.409684857801687,0.007686395080716542,1
20020523,0.8158508158508193,412300.0,45.36519036519033,9.16860916860918,2.9479409479409373,-2.77000777000776,-1.1538461538461562,1.3131313131313032,1
20020524,0.1526717557251876,375400.0,42.08396946564877,7.015267175572509,0.6687022900763233,-4.089694656488538,-2.320610687022903,0.0,1
20020528,0.03789314134140966,500300.0,40.348616900340964,6.053808260704799,-0.5395983327018158,-4.441076165214099,-2.190223569533912,-0.8336491095111876,0
20020529,0.0,234100.0,38.49417512213448,5.0116497557309305,-1.7760240511086056,-4.798947763998488,-2.1984216459977484,-1.5708380308154801,0
20020530,0.03813882532418598,286100.0,39.84820747520971,6.393592677345541,-0.817696414950438,-3.0720823798626946,-0.35469107551487405,0.04576659038901776,0
20020531,0.4201680672268886,414300.0,39.34912146676847,6.39724980901452,-1.1627196333078864,-2.6470588235294032,0.0725744843391975,0.5347593582887722,0
20020603,0.15378700499807438,605900.0,39.5640138408304,6.92541330257591,-0.9657823913879442,-1.7647058823529533,0.8881199538639047,1.0457516339869222,0
20020604,0.038610038610044646,479800.0,39.45752895752892,7.196911196911173,-0.9992277992278161,-1.1756756756756792,1.0694980694980736,1.0965250965251199,1
20020605,0.42405551272166314,288100.0,38.55185042405546,6.85427910562834,-1.5890516576715579,-1.0639938319198279,0.697764070932912,0.42405551272166314,0
20020606,0.45889101338432503,418800.0,36.727342256214115,5.823709369024844,-2.7609942638623513,-1.4780114722753546,-0.06118546845124968,-0.4359464627150945,0
20020607,0.038699690402482834,527900.0,37.70472136222905,6.905572755417936,-2.0030959752322044,-0.1799535603715376,1.1764705882352744,0.49535603715168947,0
20020610,0.4250386398763502,499800.0,36.88388717156101,6.55564142194745,-2.528593508500769,-0.10819165378671655,0.8964451313755907,0.2395672333848577,0
20020611,0.0,682500.0,36.48897058823523,6.541795665634677,-2.4744582043343453,0.3657120743033919,0.8397832817337412,0.3482972136222905,0
20020612,-1.6726403823177942,604800.0,39.81939466348062,9.42453205894067,0.2572680207088897,3.409000398247702,3.174034249303069,2.6045400238948626,0
20020613,-0.49240869922035696,392900.0,43.43147312269175,12.513746409519893,3.097250718096032,6.378744357816962,5.547804677882629,4.259335248256053,1
20020614,0.24390243902438505,555200.0,41.46910569105685,11.24593495934961,1.956910569105723,5.209349593495925,3.918699186991864,2.276422764227637,1
20020617,0.31347962382445865,397800.0,35.80231191222566,7.068181818181856,-1.7249216300939914,1.402821316614436,-0.019592476489010392,-1.6927899686520322,1
20020618,0.19201228878648507,446800.0,32.4905913978494,4.779953917050738,-3.546082949308718,-0.7181259600614485,-1.9623655913978466,-3.502304147465434,0
20020619,0.1140684410646296,179900.0,30.5733840304182,3.605703422053285,-4.335361216730025,-1.7376425855513336,-2.7946768060836478,-3.5513307984790776,0
20020620,-0.03875968992248668,408300.0,32.464922480620096,5.434883720930276,-2.3581395348837333,0.12403100775191056,-1.046511627906975,-0.5736434108527257,0
20020621,-0.36072144288577096,540900.0,36.31543086172339,8.817635270541123,0.9811623246493045,3.3767535070140324,1.9679358717434856,3.0941883767535154,0
20020624,-0.4819277108433632,538200.0,35.93674698795176,8.860240963855476,1.256224899598405,3.3232931726907653,1.779116465863445,2.80321285140561,0
20020625,0.6568144499178987,516800.0,38.29084564860423,11.066091954023042,3.516420361247949,5.197044334975347,3.427750410509035,3.702791461412141,0
20020626,-0.7986548970155433,654700.0,40.92139554434633,13.495586380832325,5.9688944934846795,7.124842370743997,5.350987810004202,4.077343421605712,1
20020627,0.1639344262295193,379800.0,36.74610655737703,10.44795081967217,3.2975409836065603,4.073770491803264,2.729508196721313,0.32786885245900943,1
20020628,0.6498781478472793,349800.0,34.86230706742482,9.308285946385077,2.393176279447582,2.826969943135639,1.8196588139723815,-0.8367181153533836,0
20020701,0.11918951132299396,335500.0,31.299960270162863,6.817640047675809,0.18593563766384744,0.4131903059197143,-0.5442987683750655,-2.7890345649583046,0
20020702,0.6226650062266441,898500.0,36.535284350352825,11.480282274802835,4.636778746367776,4.5392278953922744,3.1050228310502326,1.3449564134495562,0
20020703,-1.0231316725978667,1874400.0,45.58785587188612,19.25667259786479,11.96619217081851,11.256672597864767,8.790035587188624,7.437722419928844,0
20020705,-13.636363636363628,1942400.0,55.80550239234451,27.94114832535887,20.12440191387563,18.41148325358851,14.669856459330157,12.21052631578949,1
20020708,-1.970443349753705,2262300.0,59.632266009852245,31.31379310344829,23.290640394088676,20.546798029556665,15.768472906403943,11.270935960591135,0
20020709,0.6834910620399527,3075600.0,69.58254468980023,39.640904311251354,31.046267087276558,26.855941114616215,20.46792849631967,12.292323869610941,1
20020710,-0.769230769230762,1463600.0,64.64230769230768,35.70564102564106,27.2974358974359,22.107692307692307,15.010256410256408,4.8205128205128265,1
20020711,-1.794871794871802,1194300.0,63.89564102564103,35.2020512820513,26.80410256410259,20.66923076923077,12.810256410256398,1.7641025641025703,1
20020712,1.351351351351349,781600.0,59.206706706706726,31.49099099099102,23.296296296296322,16.67167167167167,7.88788788788789,-1.601601601601603,1
20020715,-0.09671179883945635,712700.0,53.07253384912961,26.664893617021324,18.73114119922634,11.774661508704073,2.3307543520309446,-4.56479690522245,0
20020716,-0.14677103718200163,497200.0,54.10934442270059,27.748532289628187,19.705479452054824,11.84442270058708,1.2181996086105615,-2.054794520547936,1
20020717,0.9828009828009793,638000.0,53.97690417690419,27.897297297297293,19.77690417690419,10.941031941031948,-0.1719901719901727,-0.786240786240787,0
20020718,0.0,431500.0,52.237909135320024,26.73277967757696,18.674157303370826,8.866634098681022,-1.739130434782582,-0.4201270151441061,0
20020719,-0.6363191385217768,476800.0,51.65271659324524,26.56534508076358,18.541360744003953,7.765540871267748,-1.7767988252569553,0.2153695545766054,0
20020722,0.4020100502512656,756500.0,54.77839195979902,29.476381909547744,21.161809045226157,9.366834170854293,0.6381909547738817,2.1005025125628283,0
20020723,-0.6276150627615115,771400.0,60.10224895397489,34.200836820083644,25.519874476987447,12.316945606694564,4.7960251046025,4.884937238493691,0
20020724,-1.5053763440860275,892600.0,63.538440860215104,37.3784946236559,28.427956989247317,13.908602150537632,7.2419354838709555,5.9354838709677376,1
20020725,-1.7998941238750652,703200.0,60.01508734780312,34.72895712016939,25.8644785600847,10.862890418210691,5.272631021704599,2.63631551085229,1
20020726,0.05293806246690318,586300.0,58.99788247750136,34.193753308628885,25.196400211752223,9.404446797247214,4.695606140815248,1.0058231868713674,1
20020729,2.1220159151193556,631200.0,58.3458885941645,33.93793103448273,24.760742705570273,8.10610079575596,3.9469496021220145,0.1061007957559659,1
20020730,-0.45824847250509093,544500.0,51.128309572301454,27.997454175152708,19.136456211812636,2.3497963340122063,-0.6415478615071165,-3.39103869653768,1
20020731,0.1947419668938615,679400.0,43.705209347614456,21.922103213242423,13.332035053554053,-2.999026290165529,-4.902629016553057,-5.73515092502433,0
20020801,-0.18921475875117855,388500.0,38.88150425733211,18.032166508987675,9.608325449385044,-6.069063386944171,-7.284768211920525,-6.281929990539259,0
20020802,-0.39447731755424975,517500.0,44.00369822485211,22.49161735700195,13.690335305719914,-2.2386587771203184,-3.427021696252467,-0.9368836291913452,0
20020805,0.1964636542239644,444500.0,42.67215127701381,21.43320235756384,12.715127701375259,-2.608055009823177,-3.5805500982318406,0.157170923379175,0
20020806,0.784108729743869,511200.0,51.060115002613756,28.548353371667528,19.223209618400432,3.6826973340303346,2.624150548876105,6.063774176685835,1
20020807,4.461942257217837,1170500.0,50.91391076115491,28.36797900262465,18.953280839895,4.000000000000002,3.291338582677159,4.944881889763762,1
20020808,0.0,900400.0,36.86387559808617,16.468421052631584,7.877511961722505,-4.870813397129156,-4.889952153110024,-4.574162679425835,1
20020809,0.13953488372093553,577000.0,32.354883720930275,12.692093023255795,4.427906976744194,-7.172093023255788,-6.330232558139522,-6.1023255813953545,1
20020812,-2.2831050228310503,353000.0,29.33812785388134,10.141552511415526,2.129680365296821,-8.589041095890396,-6.648401826484017,-6.410958904109589,1
20020813,-0.04631773969431016,448600.0,30.584066697545214,11.247799907364504,3.186660490968052,-7.0101899027327494,-4.404817044928226,-2.788327929597054,1
20020814,0.9695290858725801,555800.0,29.550323176362042,10.421052631578934,2.4616805170821827,-7.008310249307466,-4.196675900276987,-0.6925207756232622,0
20020815,1.6099356025759035,430000.0,28.417893284268708,9.560717571297124,1.6982520699172166,-7.058417663293458,-4.27322907083716,-0.2851885924563071,0
20020816,0.0,307200.0,26.96138025594156,8.436471663619713,0.6572212065813474,-7.321755027422289,-4.154478976233983,-0.5758683729433166,1
20020819,0.13780431786863176,598900.0,26.9956361966009,8.554892053284323,0.7919154800183724,-6.4239779513091175,-3.0225080385851983,-0.19292604501606817,1
20020820,0.0,396900.0,22.31533333333341,4.66755555555554,-2.778666666666712,-8.708888888888882,-4.671111111111104,-2.6222222222222373,1
20020821,0.4472271914132443,349300.0,22.506932021466973,5.111359570661852,-2.481216457960677,-7.296511627906972,-2.5939177101967723,-1.3864042933810476,1
20020822,0.4395604395604458,430100.0,19.851648351648397,3.1485714285713993,-4.360439560439596,-8.03736263736263,-3.450549450549451,-2.1890109890109937,1
20020823,0.04214075010534349,436000.0,14.384534344711387,-1.2431521281079174,-8.364096080910254,-10.81542351453855,-6.4981036662452505,-4.66919511167299,1
20020826,0.9401709401709505,378500.0,15.469871794871839,0.0055555555555274255,-7.174358974358985,-8.585470085470087,-4.5384615384615286,-1.9316239316239239,0
20020827,0.7531380753138064,506400.0,12.560251046025131,-2.157740585774084,-9.251882845188291,-9.606694560669455,-5.569037656903764,-2.811715481171536,0
20020828,-1.24784853700516,352600.0,15.267211703958731,0.5796041308089293,-6.915662650602421,-6.458691910499145,-2.2074010327022298,0.7056798623063748,1
20020829,0.0879507475813682,447400.0,17.288918205804784,2.7295514511873167,-5.1820580474934035,-4.05013192612137,0.3825857519789064,2.9111697449428435,1
20020830,1.0850694444444444,425400.0,15.239366319444464,1.341145833333307,-6.65625,-4.700520833333342,-0.42100694444445014,0.9722222222222231,0
20020903,0.0,414200.0,13.743353344768455,0.061320754716960094,-7.916809605488864,-5.2101200686106495,-0.9519725557461615,-0.30874785591767895,1
20020904,-0.2247191011235987,515500.0,19.087191011235973,4.794606741573005,-3.7267415730337246,0.04943820224717159,3.698876404494368,3.0022471910112327,1
20020905,0.08517887563883975,612900.0,12.744037478705298,-0.724446337308384,-8.844974446337318,-4.248296422487248,-1.2563884156729204,-2.1890971039182254,1
20020906,0.9841677364142081,697500.0,13.158536585365857,-0.28925973470265054,-8.451861360718889,-3.269148480958506,-0.526315789473689,-1.1895592640137176,1
20020909,1.878317680685998,768300.0,7.8938342180481955,-4.856676194365087,-12.631278072682752,-7.082482645977938,-4.765210289914243,-4.524295630869745,1
20020910,-0.04071661237784206,438000.0,7.501628664495135,-5.120928338762229,-12.885179153094464,-6.8057817589576475,-4.564332247556998,-3.7866449511400493,1
20020911,0.9501187648455995,1149800.0,4.463578780680951,-7.731591448931127,-15.292161520190051,-8.661916072842434,-6.6706254948535175,-4.069675376088672,1
20020912,-0.11750881316099152,636900.0,3.308460634547611,-8.670191931061495,-16.075205640423043,-8.869956913435196,-6.760673717195466,-3.4782608695652097,1
20020913,-1.6712009327633102,439300.0,2.4457831325301367,-9.325689856199002,-16.474931986008553,-8.80295375048583,-6.323357947920724,-2.3940924990283703,1
20020916,-0.15661707126076407,415300.0,3.13488645262334,-8.594753328112764,-15.490211433046214,-7.407987470634297,-4.647611589663264,-0.8457321848081345,0
20020917,0.5917159763313553,326300.0,3.837278106508853,-7.864299802761357,-14.45838264299805,-6.007889546351083,-3.1321499013806724,0.5207100591716033,1
20020918,-0.039745627980928316,590800.0,4.530007949125579,-7.129173290938015,-13.324324324324335,-4.769475357710649,-1.244038155802857,1.2003179650238598,1
20020919,-0.34965034965034913,601400.0,2.094405594405572,-9.177544677544669,-14.792540792540795,-6.258741258741248,-2.5912975912975837,-0.9168609168609194,0
20020920,0.3957261574990163,587700.0,3.902255639097718,-7.450336367233888,-12.751088246933126,-4.016620498614946,-0.027700831024936486,0.5619311436485931,0
20020923,-0.5568814638027071,558300.0,4.354813046937135,-6.9498806682577685,-11.889419252187752,-3.2398568019093172,0.7478122513921849,0.7637231503579959,0
20020924,-0.6454215409439296,684800.0,5.72226704316255,-5.633723275514318,-10.313836224283996,-1.5933844292053232,2.2630092779346365,1.734570391286808,0
20020925,0.7431874483897594,1062900.0,8.058835672997509,-3.4339388934764568,-7.890999174236173,0.7886044591247007,4.240297274979345,3.3526011560693694,1
20020926,0.49039640375970983,690400.0,6.800572129137682,-4.442582754393147,-8.495300367797322,0.010216591744999098,2.742133224356352,1.258684102983244,1
20020927,-0.2807862013638198,538000.0,4.68231046931404,-6.191335740072209,-9.825912555154433,-1.3959085439229804,0.5254713196951474,-0.8824709185719971,0
20020930,-0.8064516129032229,477700.0,5.097983870967707,-5.673790322580673,-9.000806451612913,-0.5241935483870784,0.7540322580645209,-0.637096774193539,1
20021001,2.0824826459779566,631700.0,6.2860351163739825,-4.5104124132299095,-7.474071049407925,0.9738668844426521,1.6782360146998834,0.37566353613720826,0
20021002,0.9148766905330168,476200.0,3.424821002386595,-6.962211614956271,-9.387430389817023,-1.0620525059665709,-0.9586316626889546,-1.4876690533015209,0
20021003,-0.20466639377814455,402300.0,6.294310274252914,-4.2484650020466805,-6.276708964388035,2.0077773229635727,1.3835448219402269,1.3426115431846066,0
20021004,0.04073319755600004,635100.0,5.643788187372659,-4.71364562118129,-6.2737270875763835,1.749490835030568,0.5947046843177077,0.537678207739299,0
20021007,-0.8047437526471737,523400.0,9.692926725963542,-0.9872935196950607,-2.14231257941549,5.614146548072873,3.9517153748411684,3.532401524777635,0
20021008,0.8151008151008206,665900.0,10.936507936507901,0.19476619476618287,-0.5002145002144928,6.705276705276717,4.654654654654674,3.852423852423867,0
20021009,-0.9511456982274054,556600.0,11.628404669260656,0.8681366191093707,0.5758754863813326,7.075226977950752,4.997838305231327,2.9226113272805962,0
20021010,-0.9598603839441641,529200.0,12.473167539266953,1.6343804537521545,1.7050610820244425,7.486910994764402,5.283595113438039,2.5479930191971905,1
20021011,1.3543031891655688,478600.0,12.442332896461261,1.6098733071209865,1.991262560069915,7.007426823940613,4.53036260375711,1.2319790301441678,1
20021014,-2.3668639053254386,549500.0,8.617286559594177,-1.7967032967033139,-1.0422654268808,3.1276415891800737,0.6466610312764104,-2.0202874049027963,1
20021015,2.37203495630462,661000.0,6.77861007074482,-3.379941739492319,-2.2605076987099406,1.2650853100291386,-1.0944652517686146,-2.9296712442779884,0
20021016,-0.2792181890706035,601100.0,2.202832070203377,-7.433187076186656,-5.841244515356991,-2.953729557239718,-5.225368966892695,-5.4088552054248025,0
20021017,1.5879478827361588,419500.0,4.185260586319141,-5.585504885993443,-3.43729641693807,-1.1787459283387491,-3.2043973941367896,-2.1091205211726414,0
20021018,-0.32336297493936256,431300.0,3.300525464834202,-6.348019401778464,-3.8294260307194614,-2.004850444624071,-3.831851253031515,-1.3257881972514123,0
20021021,-0.20567667626489988,851300.0,4.991361579596815,-4.770053475935775,-1.8971616618675216,-0.4422048539695231,-1.8428630193335946,0.9543397778692015,1
20021022,-0.893582453290018,609700.0,3.553208773354925,-6.032493907392316,-2.9114541023558047,-1.7303005686433583,-2.5467099918765186,0.1624695369618306,1
20021023,-1.536037810161483,447700.0,0.31488775108302036,-8.906656163843998,-5.5565183142969605,-4.4801102796376355,-4.612051988972034,-2.6230799527372994,0
20021024,0.6764822920811847,313100.0,1.243334659769123,-7.994826900119338,-4.303223239156381,-3.360525268603249,-2.745722244329492,-1.161957819339427,1
20021025,0.2425222312045363,448000.0,2.7221099434114038,-6.592966855295011,-2.5521422797089564,-1.875505254648323,-0.4648342764753373,0.3961196443007378,1
20021028,1.3539651837524096,847500.0,-1.7818181818182621,-10.615473887814284,-6.429400386847191,-5.885880077369437,-3.891682785299807,-2.7234042553191515,1
20021029,3.73443983402489,1388800.0,-4.305922293474216,-12.815541305167837,-8.401357978121462,-7.8479818936250485,-5.348924933987185,-3.719351188230872,1
20021030,0.0,1123700.0,-7.841693929480245,-15.92548164303887,-11.366775717920753,-10.76699382042892,-7.902580879680114,-5.677935296255911,1
20021031,0.43165467625899634,647300.0,-8.850899280575582,-16.732014388489176,-11.900000000000011,-11.091726618705026,-7.6978417266186945,-4.741007194244584,1
20021101,-0.5081669691470075,732900.0,-8.077313974591705,-15.887840290381108,-10.752087114337579,-9.740471869328475,-5.840290381125221,-1.8366606170598918,1
20021104,0.813583303855679,562000.0,-10.450123806154991,-17.8921117792713,-12.70392642377081,-11.215068977714882,-6.837637071100105,-2.624690484612654,1
20021105,0.2151308712800241,781500.0,-9.26622445320909,-16.655432054499805,-11.192542129795655,-9.184295446396554,-4.395840803155262,-0.30835424883472795,1
20021106,-0.0687994496044017,1320500.0,-12.96164430684559,-19.916408668730625,-14.441692466460305,-11.84898520811834,-7.010663914688683,-3.281733746130021,0
20021107,-0.24162927166033926,424500.0,-12.678115291681088,-19.53883327580254,-13.750776665516085,-10.500517777010682,-5.364169830859518,-2.1401449775629877,1
20021108,-0.10423905489923951,620500.0,-12.121785962473988,-18.921473245309226,-12.761640027797139,-8.886379430159849,-3.335649756775541,-0.6393328700486609,0
20021111,0.034542314335065855,481600.0,-12.663039723661507,-19.288773747841077,-12.865630397236647,-8.507772020725369,-2.8324697754749333,-0.7530224525042931,0
20021112,0.06997900629812151,616300.0,-11.560181945416396,-18.116864940517814,-11.369489153254055,-6.527291812456242,-0.8502449265220134,1.0146955913226003,1
20021113,-1.7980636237897756,963300.0,-12.606154910096848,-18.94052558782849,-11.950207468879714,-6.9605809128631,-1.528354080221313,-0.2766251728907517,1
20021114,0.5559416261292569,831600.0,-12.191973592772767,-18.39263377345378,-11.153578874218246,-5.774843641417648,-0.7088255733148041,0.07644197359276743,1
20021115,0.23720772619449923,707100.0,-14.360555743815667,-20.217553371738394,-12.935276177566973,-7.2975262622839985,-2.500847170450705,-1.904439173161644,0
20021118,0.06756756756756613,880700.0,-14.619763513513535,-20.284459459459462,-12.854729729729764,-6.68581081081082,-2.347972972972998,-1.7635135135135322,0
20021119,-0.2732240437158533,788700.0,-13.671277322404391,-19.254098360655746,-11.579918032786917,-4.870218579234967,-0.8060109289617509,-0.2117486338797854,1
20021120,-0.3401360544217614,615000.0,-13.99540816326532,-19.439795918367345,-11.659183673469418,-4.576530612244902,-1.0986394557823143,-0.2925170068027161,1
20021121,-0.40650406504065373,1514600.0,-14.304539295392965,-19.583333333333343,-11.747967479674797,-4.220867208672082,-1.314363143631454,-0.1964769647696471,1
20021122,-1.4999999999999978,1079400.0,-15.628166666666676,-20.61933333333336,-12.875333333333359,-4.8766666666666705,-2.4866666666666744,-1.4666666666666828,1
20021125,0.0,1156600.0,-16.967377049180335,-21.6059016393443,-13.978360655737717,-5.6737704918033,-3.5770491803278723,-2.4918032786885296,0
20021126,-0.620712185560267,821600.0,-17.232930414897112,-21.55080039202879,-13.943809212675598,-5.343025155178059,-3.2603724273113284,-1.9732113688337118,0
20021127,0.0,685600.0,-16.49703459637564,-20.505436573311407,-12.86457990115322,-4.064250411861612,-1.9604612850082217,-0.5074135090609435,0
20021129,0.266666666666661,260600.0,-15.509666666666675,-19.228000000000034,-11.564000000000002,-2.5783333333333167,-0.40999999999999187,0.9733333333333387,0
20021202,0.20006668889630635,1068400.0,-15.470323441147038,-18.85128376125378,-11.219739913304432,-2.1390463487829177,-0.21673891297098274,1.0003334444814962,0
20021203,-0.1711156741957466,465200.0,-13.242984257357957,-16.39664613278578,-8.6009582477755,0.602327173169081,2.282683093771395,2.7857631759069257,1
20021204,-0.5145797598627739,298600.0,-13.02246998284731,-15.905317324185244,-8.082332761578026,1.06003430531734,2.4837049742710002,2.030874785591775,1
20021205,0.27173913043477677,346900.0,-13.866508152173877,-16.427989130434785,-8.633152173913029,0.1273777173912971,1.4877717391304188,0.4076086956521773,1
20021206,-0.6814310051107422,706100.0,-13.593356047700137,-15.865076660988093,-8.020442930153319,0.49914821124359815,1.7410562180579188,0.2725724020442872,1
20021209,-0.3372681281618815,696200.0,-14.45598650927483,-16.406745362563235,-8.632715008431703,-0.37099494097807567,0.5935919055649307,-0.9713322091062284,0
20021210,0.17099863201094637,803500.0,-13.25102599179202,-14.933310533515728,-7.047879616963054,1.0755813953488456,1.5731874145007114,0.43091655266759504,0
20021211,-1.1830201809324978,863800.0,-11.747216423103648,-13.145789839944324,-5.1350034794711075,2.8618649965205094,2.689631176061238,1.8928322894919989,0
20021212,0.4270462633451866,372200.0,-9.767081850533758,-10.848042704626339,-2.763701067615678,5.058718861209945,4.227758007117433,3.2597864768683156,0
20021213,-0.8928571428571428,482100.0,-9.467678571428515,-10.193928571428566,-2.1614285714285715,5.2946428571428505,3.885714285714289,2.6642857142857097,1
20021216,-0.03551136363636919,508200.0,-9.998757102272682,-10.374999999999993,-2.460937500000005,4.456676136363632,2.6455965909090695,1.0227272727272612,0
20021217,-0.17543859649123056,898800.0,-11.0812280701754,-11.10701754385964,-3.281403508771924,3.0175438596491087,1.1684210526315735,-0.7017543859649098,0
20021218,-0.21574973031283254,473100.0,-8.897159295217483,-8.579288025889953,-0.5580726357425155,5.309241280115072,3.1966918374685473,1.0931319669183692,0
20021219,-0.3259688518652657,562700.0,-8.289568996740261,-7.6283955088735755,0.4867801521187954,5.747917421224207,3.2814197754436885,1.4704817095255298,0
20021220,0.22066936373666318,669800.0,-6.926995218830399,-5.95696947407133,2.3530709819786595,6.952923869069508,4.082383229128354,2.44207429201913,1
20021223,-0.6204379562043729,510800.0,-7.691788321167818,-6.449270072992686,1.8978102189780879,5.65875912408759,2.4635036496350393,1.1021897810218964,1
20021224,-0.18089725036179707,236000.0,-8.560419681620786,-6.995296671490575,1.3010130246020146,4.22395079594789,0.9949348769898645,-0.3979739507959459,0
20021226,0.03640334910812364,358700.0,-8.078995267564554,-6.160902803057866,2.178376410629771,4.297415362213331,1.1576265016381557,-0.029122679286491152,0
20021227,-0.14487504527344858,515500.0,-8.631474103585608,-6.329590727997098,1.8442593263310263,3.272365085114093,0.46722202100687354,-0.53603766751177,1
20021230,0.5103900838498016,660600.0,-8.129238060517652,-5.409405760116669,2.7218374043018496,3.4815895005468533,0.918702150929635,0.2916514764855935,1
20021231,-0.3192621496984741,312800.0,-10.675771550195076,-7.700957786449093,0.1972330613692739,0.37247250798156784,-1.7914153955303262,-1.8517204682511599,1
20030102,0.17705382436260875,520200.0,-10.914837110481542,-7.625708215297429,0.2981586402266385,0.021246458923526133,-2.057365439093483,-1.600566572237954,1
20030103,0.0,447200.0,-12.290474528960207,-8.743545010467539,-0.8897418004186984,-1.530006978367054,-3.196092114445221,-2.212142358688068,1
20030106,-0.5490734385724095,503200.0,-13.78174330816746,-9.987645847632118,-2.264927934111188,-3.203500343170882,-4.265614275909398,-2.772820864790665,1
20030107,-0.1689189189189213,787600.0,-15.158445945945939,-11.118243243243244,-3.4817567567567558,-4.66554054054054,-4.9391891891892,-2.817567567567566,0
20030108,-0.6768189509306236,682300.0,-15.049746192893396,-10.703553299492388,-2.9928934010152384,-4.521150592216565,-4.050761421319795,-1.7326565143824042,0
20030109,0.37983425414364447,586000.0,-13.356698895027645,-8.639848066298363,-0.8017955801105056,-2.6243093922651988,-1.6401933701657385,0.7665745856353758,0
20030110,-1.7182130584192439,937000.0,-13.808247422680425,-8.82749140893473,-1.1010309278350494,-3.030927835051551,-1.5532646048109902,0.5841924398625488,0
20030113,-0.5898681471200614,818300.0,-13.003816793893147,-7.722414989590587,-0.04927133934768367,-1.9639139486467692,-0.1769604441359987,1.339347675225535,0
20030114,0.10507880910682166,1091300.0,-12.155516637478126,-6.632924693520175,0.94851138353767,-0.9404553415061279,1.1593695271453572,1.5621716287215464,0
20030115,-0.3181336161187694,1635800.0,-11.314952279957572,-5.579003181336182,1.928596677271134,-0.007069635913746524,2.124425592082017,1.6048073524213526,1
20030116,0.147601476014757,2697500.0,-7.41623616236163,-1.308487084870893,6.318081180811818,4.125461254612527,6.188191881918831,4.6937269372693535,1
20030117,1.2532981530342975,1977100.0,-17.190138522427457,-11.561345646438035,-4.812664907651723,-6.518799472295496,-4.5415567282321865,-5.620052770448539,0
20030121,-0.19292604501608446,673500.0,-19.178617363344085,-13.547909967845728,-7.0694533762057965,-8.3022508038585,-6.305466237942118,-6.520900321543404,0
20030122,-0.22823606129768595,777200.0,-17.94000652103034,-12.093576785132095,-5.655689598956636,-6.4492989892403045,-4.642973589827203,-3.827844799478327,0
20030123,2.324819908316964,2157100.0,-17.485920104780625,-11.4639816633923,-5.138834315651622,-5.537000654878844,-3.9129011132940414,-1.9449901768172926,0
20030124,0.19973368841545366,814700.0,-16.015479360852215,-9.75732356857526,-3.4873501997336978,-3.565246338215694,-1.9540612516644347,1.6444740346205053,0
20030127,0.03371544167229117,775500.0,-14.857383681726269,-8.387390424814614,-2.1780175320296724,-1.9605529332434197,-0.5091031692515285,2.501685772083629,0
20030128,1.4442916093535134,766000.0,-13.071870701513097,-6.325309491059189,-0.2159559834938078,0.24759284731776576,1.5646492434663186,3.1568088033012476,1
20030129,-0.7855191256830615,881300.0,-13.578381147541025,-6.767076502732302,-0.8633879781420906,-0.12124316939889146,1.1202185792349586,1.5027322404371506,1
20030130,0.0,676200.0,-15.330046791443891,-8.54244652406421,-2.9565508021390454,-1.9685828877005183,-0.4979946524064083,-1.0828877005347766,1
20030131,-0.4054054054054087,725000.0,-14.331418918918956,-7.381081081081114,-1.9074324324324397,-0.6790540540540558,1.4222972972973071,-0.3108108108108065,1
20030203,-0.13214403700032756,602300.0,-16.130492236537872,-9.242484307895637,-4.013214403700034,-2.6114965312190224,-0.8391146349520904,-2.114304592005276,0
20030204,0.06648936170213805,940200.0,-15.512799202127688,-8.508976063829824,-3.3617021276595707,-1.8400930851063584,-0.5518617021276608,-0.8311170212766075,0
20030205,0.632700632700625,862600.0,-15.281385281385324,-8.20679320679327,-3.166833166833168,-1.605061605061603,-0.5994005994005984,-0.16650016650018068,0
20030206,-0.9793988517392745,668400.0,-13.990543735224628,-6.773725092874081,-1.819655521783164,-0.19925700776761363,0.4964539007092387,1.0401891252955078,0
20030207,0.51724137931034,886000.0,-12.096896551724184,-4.693448275862119,0.1420689655172533,1.9068965517241652,2.2517241379310424,2.7517241379310406,0
20030210,0.45343564701778516,1162900.0,-11.007150331356847,-3.4806417858389103,1.1594000697593543,3.0048831531217406,3.0833623997209636,2.8182769445413194,1
20030211,0.5521048999309873,804100.0,-11.876121463078023,-4.381297446514876,-0.017253278122827648,1.9306418219461816,1.9461697722567413,0.9592822636300975,0
20030212,0.27472527472526886,559500.0,-12.22218406593413,-4.72493131868136,-0.5583791208791127,1.5384615384615519,1.4010989010989052,-0.15109890109890275,0
20030213,0.5944055944055879,842400.0,-10.551223776223836,-2.8762237762238057,1.1524475524475621,3.438811188811211,2.783216783216793,0.9580419580419611,0
20030214,0.5349500713266838,568500.0,-8.703281027104202,-0.8330955777460739,3.088445078459381,5.672253922967211,4.27960057061342,2.2895863052781977,1
20030218,0.2805049088359111,527500.0,-10.173387096774258,-2.3713183730715333,1.3092566619916104,3.5781907433380153,1.9109396914446186,0.4628330995792353,1
20030219,-0.03412969283276984,362800.0,-12.48668941979527,-4.7969283276450625,-1.397269624573384,0.5136518771330849,-1.0682593856655251,-1.9931740614334459,0
20030220,0.13860013860013565,264000.0,-11.085758835758893,-3.193347193347187,0.07207207207208875,1.7325017325017202,0.03465003465002776,-0.6791406791406843,1
20030221,0.5921281783350685,501200.0,-10.549111807732569,-2.555903866248689,0.5294322535701882,1.9453152211772855,0.24381748519679652,-0.08359456635319021,0
20030224,-0.1031636863823851,450900.0,-11.602647867950534,-3.648555708390634,-0.7606602475928338,0.483149931224207,-1.004126547455289,-0.6396148555708389,0
20030225,-0.7358093903293653,439400.0,-9.872284512964313,-1.6836019621583591,1.1030133146461294,2.1881569726699532,0.823405746320951,1.254379817799594,0
20030226,-0.03480682213714432,988900.0,-10.398364079359613,-2.2088409328228176,0.47824573616431126,1.4514444831186846,0.06961364427430101,0.18795683954055709,1
20030227,6.731461483081344,3452400.0,-7.269618430525599,1.25593952483804,3.8984881209503435,4.650827933765305,3.0093592512599066,2.8365730741540687,1
20030228,0.032797638570028084,1357500.0,-15.413086257789471,-7.5490324696621505,-5.183338799606408,-4.557231879304672,-5.526402099048864,-5.136110200065592,0
20030303,0.7789678675754691,1213400.0,-16.20058422590069,-8.27555988315479,-6.018175916910079,-5.3521583901330425,-5.608568646543324,-4.998377150275882,0
20030304,-4.464871963230464,5274300.0,-15.155613919894964,-6.986868023637532,-4.7642810242941565,-4.233420879842406,-3.8870650032829976,-2.646093237032188,0
20030305,-1.3484740951029064,6858700.0,-8.245031937544386,0.7178850248403286,2.9815471965933393,3.177785663591219,3.4918381831085816,4.840312278211501,1
20030306,0.035523978685618345,2764400.0,-8.118650088809957,1.0110124333925563,3.159502664298409,2.9538188277087105,3.3499111900532785,5.21492007104797,1
20030307,-1.052631578947371,1632800.0,-9.2119298245614,-0.032631578947342234,1.9698245614035053,1.4947368421052576,2.007017543859634,2.5263157894736805,0
20030310,-0.3136981526664338,1372400.0,-9.766643429766473,-0.5193447194144208,1.3677239456256234,0.7685604740327683,1.1955385151620894,0.3694667131404728,0
20030311,-0.17743080198722752,1419500.0,-8.090312278211483,1.4283179559971733,3.252661462029767,2.5053229240596275,2.8992193044712695,0.567778566359133,0
20030312,-0.9836065573770477,842700.0,-5.623315118397052,4.212386156648471,5.986885245901612,4.952641165755935,5.1693989071038535,2.7103825136612016,1
20030313,1.65441176470588,1456700.0,-4.7409926470588175,5.267279411764721,6.944117647058796,5.5643382352941195,5.9227941176470615,2.955882352941171,0
20030314,0.541711809317438,1256900.0,-6.407186710003619,3.5110148067894706,5.015529071867061,3.5319609967497216,3.0371975442397887,0.5489346334416794,0
20030317,0.0,1428600.0,-4.35332103321034,5.867527675276777,7.217712177121729,5.612546125461244,3.911439114391152,1.5645756457564557,1
20030318,-0.03614022406939488,903700.0,-6.296711239609712,3.7968919407300428,4.9374774123599146,3.283339356704012,0.7625587278641074,-0.896277556920844,1
20030319,0.10764262648007746,814700.0,-6.935773232866907,3.1410118406889223,4.093290276282699,2.285611768927176,-0.07176175098672254,-1.306063867958381,1
20030320,-0.4613200851667814,833200.0,-7.919091554293852,2.1146202980837483,2.847409510290944,1.0397444996451484,-1.1603974449964576,-1.6962384669978765,1
20030321,2.7007818052594104,1318300.0,-7.7491115849325,2.3805970149253923,2.8933901918976277,1.0820895522387965,-1.1478322672352537,-1.2366737739872031,0
20030324,-0.8885850991114201,1373700.0,-11.22710184552293,-1.4217361585782529,-1.0246069719754334,-2.7563226247436887,-4.73684210526318,-3.5406698564593344,1
20030325,0.5309734513274286,962000.0,-8.010619469026555,2.164247787610631,2.4538053097344914,0.6690265486725666,-1.3061946902654857,0.3185840707964723,1
20030326,0.06851661527920375,618400.0,-10.916238437821185,-1.0681740322028268,-0.8201438848921222,-2.494004796163087,-3.8883179170949007,-2.0075368276807075,1
20030327,-0.27652955409608815,787300.0,-10.062219149671638,-0.1399930867611529,0.09747666781884246,-1.4189422744555789,-2.426546837193219,-0.6083650190114013,1
20030328,0.033990482664847076,922400.0,-11.486913664174073,-1.7396329027872466,-1.4928619986404155,-3.2426920462270705,-3.463630183548601,-1.3936097892590078,0
20030331,-0.6168608636052081,839300.0,-10.676490747087087,-0.9002741603838571,-0.5400959561343582,-2.726182316655233,-1.9568197395476283,-0.6374228923920491,0
20030401,0.10416666666665828,1576800.0,-9.425000000000052,0.43888888888886524,0.6666666666666426,-1.73090277777779,-0.27083333333333126,1.0555555555555627,1
20030402,0.8695652173913043,974900.0,-9.21130434782614,0.6024347826086757,0.678260869565206,-1.4608695652173849,0.20869565217389624,0.9252173913043418,1
20030403,0.40927694406548765,1259400.0,-10.92036152796732,-1.341405184174649,-1.3710777626194002,-3.177012278308309,-1.350613915416101,-0.7708049113233135,0
20030404,0.23833844058563255,831500.0,-11.019748042220023,-1.4892747701736837,-1.6186584950630274,-3.1937351038474713,-1.099761661559428,-0.9737827715355971,0
20030407,0.7539410555174738,870300.0,-10.382453735435309,-0.8399588759424533,-1.0370116518163308,-2.47943797121314,-0.4832076764907289,-0.32899246058943293,0
20030408,0.034770514603609214,1331500.0,-9.007475660639852,0.6143949930458611,0.3456189151599047,-0.9544506258692372,1.1474269819193388,1.098748261474266,0
20030409,-0.140597539543055,751100.0,-7.95360281195086,1.6942003514938089,1.3947275922671192,0.30052724077331033,1.9894551845342796,1.9894551845342796,0
20030410,-0.10710460549804048,757800.0,-6.4425205283827935,3.264191360228442,2.896822563370196,2.020706890396296,3.2631203141735017,2.656194216351302,1
20030411,0.28715003589376115,1078000.0,-5.865757358219746,3.760947595118381,3.3029432878678646,2.6005025125628105,3.259152907394118,2.124910265613804,1
20030414,-0.03533568904594192,881000.0,-7.260424028268628,2.1017667844522316,1.6049469964663938,1.2173144876325088,1.3427561837455795,-0.08480565371025056,1
20030415,-0.44905008635578236,1444500.0,-9.267875647668461,-0.20207253886017265,-0.7675302245250829,-0.834196891191717,-0.8808290155440381,-2.1968911917098417,0
20030416,-0.3051881993896231,812500.0,-10.85605289928797,-2.026449643947185,-2.6246185147507903,-2.375381485249243,-2.4448965751102194,-3.282468633435063,0
20030417,-0.24691358024691457,716300.0,-7.196296296296373,1.8719576719575823,1.1724867724867216,1.580246913580223,1.135802469135787,0.8465608465608284,0
20030421,0.31802120141342705,669800.0,-6.929505300353444,1.991872791519337,1.258657243816221,1.7879858657243823,0.9363957597173039,1.3356890459364086,1
20030422,-0.746268656716421,861800.0,-6.2716773276475495,2.4879175550816424,1.7732764747689824,2.1677327647476883,1.140724946695076,1.7981520966595474,1
20030423,0.06983240223463538,1183800.0,-7.762395251396699,0.629888268156321,-0.005586592178819953,0.4521648044692743,-0.6668994413407785,-0.1955307262569741,1
20030424,0.2034587995930901,1171200.0,-10.243472363513108,-2.2997626314005486,-2.8531705662936955,-2.3923363852153536,-3.1773482536453077,-3.0722278738555526,0
20030425,-0.40677966101695257,925700.0,-10.10440677966106,-2.3498305084746396,-2.860338983050865,-2.32881355932205,-2.705084745762718,-2.325423728813559,0
20030428,0.7623007623007584,1567700.0,-7.948717948717987,-0.22349272349278124,-0.6881496881496847,-0.2598752598752697,-0.20097020097018808,0.22869022869022507,0
20030429,0.8418098912662169,1104700.0,-6.669063486495993,0.9764994738687477,0.5640126271483504,0.847071203086631,1.0978603998596819,1.7186951946685318,1
20030430,-0.7271468144044229,1725300.0,-7.722818559556805,-0.3265235457064221,-0.6994459833795075,-0.43109418282547657,-0.2216066481994339,0.5817174515235555,1
20030501,-0.03441156228492089,1611400.0,-8.146077081899513,-0.956985547143884,-1.3310392291809958,-0.9944941500343923,-0.9876118375774104,-0.3372333103922883,0
20030502,0.0,1077400.0,-7.00956521739131,0.09008695652170218,-0.274782608695642,-0.02608695652174012,0.21913043478260463,0.21565217391304753,1
20030505,0.6219765031098815,1805600.0,-7.4737387698687066,-0.5915687629578891,-0.9136143745680786,-0.7567380787837068,-0.21769177608846713,-0.3870076019350568,1
20030506,3.436770103436774,6215600.0,-10.494494494494504,-3.9836503169836837,-4.259592926259588,-4.035702369035697,-3.036369703036382,-2.8361695028361744,1
20030507,1.2639181462533908,5420900.0,-19.074781823653332,-13.268131206740916,-13.369846524225082,-12.777610592837785,-11.167619620824553,-9.75022569966897,1
20030508,2.491506228765579,2348500.0,-23.63406002265006,-18.195922989807507,-18.122876557191393,-16.966308040770112,-14.773499433748594,-11.54586636466592,0
20030509,-0.14092446448702695,2227100.0,-23.740558060879362,-18.354002254791446,-18.05806087936863,-16.28804960541149,-13.472378804960536,-8.15107102593009,1
20030512,-0.5636978579481278,1176000.0,-23.50676437429539,-18.147688838782425,-17.776775648252514,-15.214205186020283,-11.606538895152205,-4.464487034949256,1
20030513,-0.027894002789394728,1693800.0,-24.059693165969335,-18.787447698744774,-18.34421199442118,-15.036262203626219,-10.471408647140878,-2.170153417015358,1
20030514,-0.027457440966515968,763100.0,-25.007001647446476,-19.822075782537087,-19.29489291598021,-15.340472267984632,-9.802306425041186,-1.949478308621658,0
20030515,0.274348422496555,1969600.0,-24.83813443072704,-19.645541838134445,-18.907544581618644,-14.455418381344332,-7.849108367626917,-1.4101508916324006,0
20030516,0.3034482758620674,907500.0,-24.206758620689666,-18.95227586206897,-18.01324137931032,-12.893793103448296,-5.271724137931058,-0.44137931034483774,0
20030519,0.4400440044004503,1079800.0,-24.22676017601761,-18.95104510451045,-17.828932893289295,-12.04895489548954,-3.5176017601760075,-0.2585258525852423,0
20030520,0.531319910514555,2261700.0,-22.738954138702454,-17.36409395973154,-16.054809843400417,-9.507829977628631,-0.2796420581655322,1.3646532438478933,0
20030521,-0.028752156411725162,1097100.0,-20.354657849338704,-14.825474410580789,-13.30994824611845,-6.075330649798733,2.9758481886141364,3.2777458309373015,1
20030522,0.47914317925592365,1774800.0,-21.69560315670799,-16.284103720405856,-14.567643742953763,-7.08427282976325,0.989289740699003,0.6933483652762182,1
20030523,-0.193156732891833,1041900.0,-23.100579470198664,-17.796633554083876,-15.860375275938173,-8.102924944812367,-0.9188741721854261,-1.423841059602644,1
20030527,-0.10943912448700178,1835300.0,-23.538714090287254,-18.265116279069755,-16.089192886456903,-7.8303693570451305,-1.4664842681258587,-2.1559507523939914,1
20030528,0.10793308148947423,1441400.0,-24.381003777657828,-19.151915812196417,-16.70642201834862,-7.945223961144085,-2.4959525094441557,-2.800863464651926,0
20030529,0.9199134199134099,883800.0,-23.972673160173127,-18.708603896103867,-15.978354978354966,-6.603084415584397,-2.086038961038963,-1.3582251082251149,0
20030530,0.3009575923392598,574900.0,-22.915184678522532,-17.593980848153173,-14.560875512995874,-4.530779753761928,-0.9603283173734587,0.33378932968538166,1
20030602,0.24284943335131218,1396200.0,-23.768213707501324,-18.526713437668622,-15.257420399352398,-4.723421478683203,-2.1046950890447955,-0.6044252563410786,1
20030603,0.6497022198159231,1547700.0,-23.314834867352438,-18.061992420140733,-14.505684894423378,-3.3310774228478404,-1.6296697347049183,-0.07038440714671426,1
20030604,0.3973509933774797,752600.0,-24.750066225165536,-19.587284768211887,-15.890331125827807,-4.37483443708607,-3.2132450331125857,-1.8490066225165385,1
20030605,-0.4708344232278308,1461100.0,-25.47959717499344,-20.35809573633269,-16.424274130264173,-4.921527596128665,-3.526026680617314,-2.416950039236201,1
20030606,1.3941698352344667,1637400.0,-27.569328263624826,-22.551584283903654,-18.488719898605822,-7.338403041825084,-5.503168567807349,-3.9645120405576675,0
20030609,0.7547169811320683,1427800.0,-27.89723270440251,-22.854339622641497,-18.5594968553459,-7.500628930817603,-5.333333333333327,-3.335849056603775,0
20030610,-0.22562045625470895,1318100.0,-27.935447480571558,-22.834294309350696,-18.320381047881675,-7.2724993732765,-4.828277763850594,-2.196039107545763,1
20030611,-0.2538071065989884,1124900.0,-26.84035532994922,-21.56243654822333,-16.785786802030454,-5.668781725888324,-3.05076142131981,-0.14213197969542485,1
20030612,0.1492908683752234,1777700.0,-28.06954466285143,-22.858671311271447,-17.85469022144811,-7.053993530729022,-4.152774321970632,-1.1296342373724646,1
20030613,2.4937655860349124,1833000.0,-27.706109725685764,-22.461097256857858,-17.104239401496265,-6.390274314214464,-3.0523690773067425,-0.583541147132174,1
20030616,0.6009615384615384,1623400.0,-30.092187499999966,-24.994230769230768,-19.502884615384612,-9.122596153846157,-5.456730769230777,-3.2788461538461466,1
20030617,0.9741031123782289,1025000.0,-30.676170111665456,-25.593014967925882,-19.83559040152054,-9.49988120693753,-5.333808505583285,-3.3594678070800694,0
20030618,2.8368794326241202,1749100.0,-30.792671394799036,-25.672576832151307,-19.613238770685577,-9.176122931442087,-4.728132387706856,-2.4680851063829716,0
20030619,0.0,2318600.0,-30.07595238095236,-24.847857142857162,-18.40857142857143,-7.667857142857145,-3.150000000000001,-0.9095238095238045,0
20030620,0.12397718819738225,1800000.0,-26.9563600297545,-21.456979915695523,-14.440862881229869,-3.2432432432432607,1.0786015373171391,3.3077113811058845,0
20030623,-0.6218905472636815,1415500.0,-26.512189054726353,-20.93134328358211,-13.557711442786092,-2.437810945273659,1.5174129353233639,2.9452736318407897,0
20030624,0.6634345496300207,1235100.0,-24.41643276346003,-18.657055371268186,-10.751722378157675,0.41337075784638694,3.955090584332731,4.118397550395502,1
20030625,0.05059448520110301,1192500.0,-24.87629648368325,-19.105489501644342,-10.951176321780927,-0.13786997217304436,3.0938527700480623,1.8214014672400678,1
20030626,-0.7728745948641293,989700.0,-25.76876090750433,-20.02991772625282,-11.68237347294939,-1.1892296185489821,1.5831463475442662,-0.5933682373472938,1
20030627,0.0,985700.0,-26.20494437577253,-20.445735475896182,-11.882818294190365,-1.5377008652657422,0.8158220024722012,-1.3695920889987687,0
20030630,0.7692307692307749,776100.0,-25.747022332506177,-19.89478908188586,-10.961786600496263,-0.7692307692307397,0.8684863523573236,-0.9528535980148892,0
20030701,0.1734820322180924,885900.0,-25.657868649318445,-19.72788104089221,-10.47484510532837,-0.46964064436184,0.3122676579925593,-0.5006195786864887,1
20030702,-0.09980039920159467,1003800.0,-24.975673652694574,-18.910678642714586,-9.275948103792407,0.4915169660678711,0.4341317365269448,0.44411177644711675,1
20030703,-0.7392804337111808,468100.0,-25.712419911286315,-19.616313454903903,-9.805322819122718,-0.4571217348447276,-1.1532774765894616,-0.5618531296205065,1
20030707,0.47369733233607014,1215700.0,-24.65557217651455,-18.39690850162056,-8.218898030416367,0.7915731737721153,-0.049862877088015775,0.4338070306656858,1
20030708,0.2886002886002995,939100.0,-27.12878787878784,-20.982202982202992,-10.882635882635897,-2.551707551707569,-3.251563251563244,-2.501202501202499,1
20030709,0.2868754482428988,1391800.0,-27.366363853693485,-21.138178340903664,-10.79512311737987,-2.9022232847238794,-3.198661247908202,-2.3762849629452543,0
20030710,-0.0705218617771536,914800.0,-28.374118476727755,-22.11354019746123,-11.624353549600377,-4.15373765867418,-4.106723084156088,-2.849083215796905,0
20030711,0.02413127413128648,546100.0,-26.271959459459428,-19.734314671814676,-8.672297297297302,-1.458735521235508,-1.2403474903474803,0.1447876447876503,1
20030714,-0.04832085044697542,836000.0,-25.975477168398143,-19.345252476443616,-7.966175404687115,-1.1838608359507004,-0.8939357332689165,0.8842715631794941,0
20030715,0.24078979051288568,973500.0,-26.01962436792679,-19.312063568504726,-7.660967974957869,-1.5254033228991042,-0.9318564892848553,0.5201059475078282,0
20030716,0.12224938875306667,578600.0,-24.684841075794587,-17.7711491442543,-5.6537897310513365,-0.15403422982883933,0.7286063569682023,1.6136919315403337,0
20030717,-0.890648193963383,985900.0,-23.597229094507643,-16.514101929737762,-4.016328550222654,0.7991093518060375,2.008906481939628,1.771400296882734,0
20030718,0.27819929185634656,833400.0,-21.70649974709152,-14.377845220030355,-1.5609509357612465,2.7314112291350487,4.0161861406170996,3.075366717248377,1
20030721,0.8529854490717597,1049900.0,-22.150401404917172,-14.7860010035123,-2.1234320120421364,1.8477170095333832,3.1184144505770073,1.480180632212753,1
20030722,-0.049164208456251544,431800.0,-23.519911504424755,-16.186578171091476,-3.8407079646017617,-0.1462635201573077,0.8185840707964563,-0.9832841691248736,0
20030723,-0.07411067193674416,624700.0,-22.945281620553327,-15.525691699604755,-3.118577075098796,0.5064229249011991,0.983201581027676,-0.701581027667964,0
20030724,0.8014024542950171,422300.0,-21.67956423741546,-14.133734034560497,-1.5797645880290527,1.940896568995739,1.7205108940645895,0.4207362885048817,1
20030725,0.4754754754754698,958800.0,-21.530030030030023,-13.960460460460483,-1.476476476476467,1.8455955955956065,1.273773773773757,0.5555555555555588,1
20030728,0.26673132880698214,666800.0,-23.74599903006788,-16.314258001939866,-4.302133850630456,-1.2196896217264621,-1.905916585839012,-1.8962172647914732,0
20030729,0.024636610002458755,663600.0,-22.307218526730704,-14.667652131066786,-2.5558019216555925,0.39788125153979736,-0.5666420300566739,-0.3695491500369514,0
20030730,0.4497751124437774,836800.0,-20.98663168415792,-13.164417791104482,-0.9850074962518865,1.7866066966516825,0.6296851574212954,0.8195902048975585,0
20030731,0.7751937984496002,1376700.0,-20.723180795198786,-12.816704176044025,-0.699174793698412,1.8517129282320688,0.5976494123530991,0.9252313078269504,0
20030801,-1.3732833957552988,1263800.0,-20.641947565543052,-12.650936329588028,-0.5847690387016263,1.6329588014981362,0.5742821473158829,0.8189762796504444,1
20030804,1.542416452442163,2141400.0,-18.118123393316168,-9.774293059125961,2.5300771208226256,4.4820051413881865,3.3007712082262364,2.5964010282776484,0
20030805,-2.1470068199040195,3086400.0,-19.355392775953522,-11.033846931043206,0.9123516039403805,2.409699419045197,1.2250568325334665,0.3031068451629134,0
20030806,0.3361779156969109,1887100.0,-17.256658908714744,-8.633307473493673,3.422808378588032,4.437548487199345,3.165244375484863,1.9912076545125317,0
20030807,0.0,1155900.0,-14.702713487629687,-5.729183293429115,6.422452779994643,6.779728651236986,5.506783719074203,3.6445863261505647,1
20030808,0.8921542902125515,592600.0,-15.689582786670153,-6.741537654159019,5.030700603516122,4.885856730516911,3.5817370768827135,1.2122802414064637,0
20030811,0.4417879417879462,1250800.0,-16.33017151767152,-7.362525987525993,4.1211018711018506,3.4992203742203714,1.8685031185031218,0.020790020790046198,0
20030812,0.3410283315844768,1055600.0,-15.369622245540397,-6.226915005246589,5.1600209863588455,4.029380902413417,2.182581322140629,0.19412381951732732,0
20030813,0.7894736842105189,534100.0,-14.927894736842093,-5.671315789473677,5.547894736842059,3.976315789473654,1.9736842105262968,0.15789473684209254,0
20030814,-0.2646903123345723,897400.0,-14.27461619904713,-4.8965060878771975,6.164107993647379,4.232398094229742,1.9825304393859247,0.8417151932239223,1
20030815,-0.13287270794579925,157000.0,-13.785144831251683,-4.268137124634612,6.555407919213353,4.394100451767191,1.745947382407644,0.988572947116643,1
20030818,0.15868817773074625,1143200.0,-14.059375826500936,-4.495900555408639,5.9613858767521375,3.6260248611478314,0.9732874900819757,0.15339857180639996,1
20030819,-0.025967281225650507,1995100.0,-15.482472085172699,-5.98312126720332,3.9709166450272364,1.4606595689431319,-1.1425603739288437,-1.4645546611269802,1
20030820,0.15155342258144774,1156600.0,-17.636019196766885,-8.290982571356409,1.119474614801675,-1.41955039151302,-3.606971457438758,-3.349330639050284,0
20030821,0.5000000000000071,1014300.0,-18.333625000000016,-8.960500000000007,0.11299999999994982,-2.421249999999997,-3.9924999999999855,-3.2300000000000035,0
20030822,0.6319514661274014,569200.0,-17.27780586450963,-7.675935288169885,1.1946410515671855,-1.3865015166835293,-2.558139534883722,-1.1779575328614789,0
20030825,0.2036659877800364,665800.0,-16.55817209775969,-6.749745417515272,1.874236252545798,-0.9330448065173167,-1.6598778004073345,0.2749490835030473,1
20030826,-0.3051881993896171,544800.0,-16.511444557477127,-6.59028484231944,1.6546286876907172,-1.1953204476093562,-1.454730417090528,0.584944048830104,1
20030827,1.2594458438287153,1237100.0,-17.173047858942088,-7.224181360201516,0.5612090680100562,-2.181360201511334,-1.9697732997481017,-0.3224181360201514,1
20030828,0.0,760100.0,-19.162453987730082,-9.330797546012276,-2.106012269938659,-4.608588957055215,-3.766871165644163,-2.5226993865030645,1
20030829,-0.6832601268911519,337500.0,-19.46486090775989,-9.541483650561231,-2.7052220595412466,-5.030502684236184,-3.4895070766227247,-2.3767691556856922,1
20030902,0.4878048780487874,785500.0,-19.35682926829269,-9.279512195121937,-2.7200000000000037,-4.8207317073170595,-2.758536585365837,-1.585365853658533,1
20030903,0.04808848280835783,983800.0,-20.346838182255357,-10.239961529213755,-4.033181053137804,-5.930512142341917,-3.3974513104111654,-1.8898773743688586,1
20030904,0.023866348448682604,510200.0,-20.788305489260154,-10.568973747016715,-4.613842482100254,-6.24105011933173,-3.5608591885441463,-1.5656324582338874,0
20030905,-0.23963575365443163,704900.0,-20.320273184759166,-9.88281811646299,-4.119817876827242,-5.3630481667864665,-2.7534148094895614,-0.6949436855978892,1
20030908,2.3002421307506125,2390000.0,-19.34515738498788,-8.6455205811138,-3.0639225181598055,-3.9915254237288105,-1.3196125907990357,0.4939467312348855,1
20030909,1.3544018058690777,2365100.0,-24.638939051918722,-14.497742663656869,-9.45462753950339,-9.836343115124127,-6.869074492099321,-4.821670428893896,0
20030910,-0.947653429602892,1212500.0,-24.505979241877256,-14.17599277978338,-9.314079422382672,-9.177572202166056,-5.782942238267153,-3.632671480144403,0
20030911,0.18382352941176078,766100.0,-22.962890625000004,-12.248621323529402,-7.5013786764705905,-6.873851102941181,-3.1732536764706047,-1.11672794117648,1
20030912,-0.18281535648994127,568600.0,-23.233889396709305,-12.372943327239458,-7.8404936014625175,-6.701325411334547,-3.0164533820840957,-0.7312614259597813,1
20030915,0.34293552812071004,673300.0,-23.048696844993135,-11.98765432098764,-7.653863740283508,-5.960219478737995,-2.3411065386374212,0.4298125285779499,1
20030916,0.27378507871322055,436800.0,-23.052931781884546,-11.841204654346317,-7.673739447866755,-5.466575404973732,-1.895961670088971,0.00912616929043528,1
20030917,0.6296379581740525,849100.0,-23.99763885765684,-12.773330335057317,-8.872498313469737,-6.156959748144784,-2.6602203732853607,-1.362716438048126,0
20030918,0.08896797153024721,923000.0,-24.659475088967973,-13.365880782918124,-9.726423487544478,-6.582517793594303,-3.040480427046257,-1.7971530249110315,0
20030919,-0.022416498542923137,630800.0,-23.89587536426809,-12.325263393857849,-8.925353059852036,-5.3328850033624535,-1.6341627437794197,-0.6455951580363073,0
20030922,-0.06790402897238827,992300.0,-22.985061113626045,-11.125622453598902,-7.914893617021261,-3.8886373924852795,-0.024898143956547727,0.520597555454966,0
20030923,0.5791058605513087,655900.0,-21.024206624971022,-8.719481121148934,-5.678017141533473,-1.189483437572373,2.052351169793828,2.5665971739633933,0
20030924,0.0,725300.0,-22.04825462012319,-9.749942961441924,-6.993383527264441,-2.1629021218343607,0.40383299110198406,0.7300935432352439,0
20030925,-2.3255813953488373,1185000.0,-20.388372093023246,-7.680930232558135,-5.10046511627908,0.10930232558138847,2.220930232558136,1.7627906976744248,0
20030926,0.11921793037673882,661700.0,-18.224845016690487,-5.062231759656638,-2.6294706723891323,2.781354315689078,4.370529327610869,3.0615164520744065,0
20030929,0.26315789473684076,357000.0,-17.794736842105234,-4.539234449760743,-2.195215311004785,3.2236842105263253,4.255980861244027,2.2679425837320752,0
20030930,-0.23837902264601052,728900.0,-17.923599523241947,-4.722526817640042,-2.445292014302767,2.967818831942766,3.4350417163289517,1.3206197854588675,0
20031001,-0.16786570743405343,1109600.0,-17.26726618705035,-4.002158273381296,-1.8115107913669275,3.5983213429256478,3.390887290167852,0.906474820143868,1
20031002,0.024021138601964954,679200.0,-16.96637040595724,-3.693009848666822,-1.5911602209945048,3.7400912803266753,2.7648330530867242,0.41796781167427216,1
20031003,1.3079667063020317,409300.0,-17.634601664684894,-4.507491082045173,-2.4732461355529285,2.741973840665888,1.1296076099881127,-0.5326991676575425,0
20031006,-0.04747211013530293,419700.0,-17.621053880845015,-4.553287443626874,-2.555423688582989,2.645383337289341,0.450985046285302,-0.5649181106100324,0
20031007,-0.5988023952095809,438600.0,-16.70191616766467,-3.55760479041915,-1.6440718562874397,3.2742514970059986,1.0251497005987957,0.2443113772455012,0
20031008,0.023923444976088795,343200.0,-16.626794258373195,-3.5401913875597857,-1.703827751196179,2.849282296650724,0.41866028708134995,0.17224880382775773,0
20031009,0.5085977234197163,585100.0,-15.428796318721227,-2.2293533543230906,-0.42819084524101303,3.84960038750303,1.2448534754177665,1.2448534754177665,0
20031010,-0.02406159769009893,475800.0,-15.810755534167475,-2.7249759384023275,-0.9995187680462281,2.910250240615973,0.4956689124157747,0.3512993262752495,0
20031013,0.14496255134090907,387700.0,-15.296810823870501,-2.1657405170331168,-0.5281468953853811,3.0490456632036733,0.8093742449867137,0.40589514375454544,0
20031014,0.24479804161567056,947000.0,-14.01505507955936,-0.7410036719706453,0.8822521419828431,4.046511627906973,1.872705018359837,1.2925336597307189,0
20031015,0.024265954865319125,513400.0,-14.599005095850536,-1.487503033244357,0.07959233195823223,2.7420528997815956,0.8638679932055193,0.12132977432661285,1
20031016,0.12239902080782657,546300.0,-13.691432068543454,-0.514075887392903,1.0682986536107513,3.1444308445532116,1.5618115055079511,0.7882496940024547,1
20031017,0.5772005772005819,437800.0,-15.0462962962963,-2.1519961519961437,-0.5141895141895291,0.9692159692159662,-0.3342953342953242,-0.971620971620963,0
20031020,-0.04875670404681406,913400.0,-13.735860555826429,-0.7172111165285313,0.9858605558263802,1.962457337883958,0.7557289127254879,0.19990248659189086,1
20031021,-0.09729992702505266,766400.0,-13.779129165653108,-0.8236438822670873,0.8927268304548706,1.4886888834833591,0.37946971539772784,0.10702991972757002,0
20031022,-0.0959923206143488,854500.0,-14.793016558675296,-2.0458363330933502,-0.29277657787378686,-0.13438924886010195,-1.0007199424046114,-1.0175185985121349,0
20031023,-0.3735990037359865,555600.0,-11.435242839352416,1.742465753424667,3.5890410958903995,3.291407222914091,2.463262764632621,2.3810709838107,1
20031024,-0.47029702970296466,332300.0,-11.841707920792063,1.1784653465346595,3.077722772277213,2.461633663366342,1.5420792079208037,1.1633663366336606,1
20031027,0.12300123001231063,587000.0,-12.241820418204187,0.6157441574415815,2.5923739237392263,1.6900369003690154,0.735547355473571,0.3591635916359358,0
20031028,-0.7176441474882435,1533800.0,-11.577208611729757,1.2370700321702819,3.3303637713437375,2.1034397426379647,1.2249443207127062,0.6087602078693624,0
20031029,-1.3588324106693486,1917100.0,-9.94564670357322,2.9436336185204057,5.134373427277298,3.5782586814292827,2.561650729743333,1.33366884750881,0
20031030,-0.05192107995847124,1733800.0,-6.960669781931478,6.1684839044652335,8.408618899273078,6.455088265835891,5.205088265835918,3.6967808930425736,1
20031031,0.7031250000000082,1220800.0,-6.522786458333318,6.474218750000038,8.664062499999996,6.312499999999998,4.705729166666672,2.9791666666666625,1
20031103,-0.10175527855507288,633042.0,-8.57237344187231,3.9870262019842535,6.135843296871022,3.4927499364029266,1.8468583057746097,-0.08649198677181104,0
20031104,-1.0488616014326009,949219.0,-7.95561524686621,4.546431312356121,6.72345868508568,3.7349705807111633,1.9033000767459518,-0.1995395241749702,1
20031105,1.6905071521456398,2655300.0,-6.322366710013011,6.204681404421362,8.45461638491547,5.026007802340714,2.76202860858255,0.7906371911573524,1
20031106,-0.16528925619834778,1202200.0,-14.80968122786305,-3.569539551357711,-1.407792207792232,-4.520661157024786,-6.181818181818204,-6.682408500590315,1
20031107,1.4526710402999001,924300.0,-15.320290534208056,-4.306232427366409,-2.0796626054357827,-5.12769447047797,-6.3730084348641025,-5.398313027179012,1
20031110,0.8101851851851719,1491800.0,-16.18287037037037,-5.430324074074059,-3.1555555555555532,-6.06018518518519,-6.9097222222222365,-4.73611111111111,0
20031111,0.09193288899103459,1126100.0,-16.61422661457135,-6.031027350034439,-3.7301769708113026,-6.423810618248682,-6.860491840956101,-3.383130314870148,0
20031112,-0.14299332697807976,736000.0,-13.382864632983784,-2.517874165872225,-0.15633937082936947,-2.877740705433754,-2.8908484270734056,1.858913250714969,1
20031113,3.2369942196531762,1792500.0,-15.812254335260114,-5.331560693641571,-3.0719075144508543,-5.497109826589607,-4.693641618497113,-0.7630057803468169,1
20031114,-0.15670472352809556,1512300.0,-18.319789567942706,-8.225878665771184,-6.02149093351242,-8.155361540183602,-6.31967763599733,-3.0266398029997847,1
20031117,-0.9127337488869183,1235000.0,-18.61130899376669,-8.62956366874438,-6.383348174532479,-8.232413178984878,-5.592163846838825,-2.800534283170086,1
20031118,0.9962364401151111,1529300.0,-18.894731016161174,-9.030772636705747,-6.862962143015262,-8.290901040513624,-4.768651760017702,-2.603497896834186,0
20031119,-0.04418912947414057,1114100.0,-18.887759611135664,-9.102076889085236,-7.006628369421121,-8.076668139637674,-3.4533804684047618,-1.338930623066698,1
20031120,-0.28602860286029164,1451700.0,-19.05258525852585,-9.369856985698526,-7.310451045104529,-7.877887788778895,-3.174917491749186,-0.7832783278327713,1
20031121,0.6564551422319412,1059900.0,-19.312691466083145,-9.74266958424504,-7.732603938730867,-7.801969365426712,-3.0437636761488083,-0.8752735229759424,1
20031124,0.481084627159427,1111200.0,-19.17909468620161,-9.68926306582108,-7.706101027771705,-7.307019462059909,-2.5541220205554325,-0.586048545812363,1
20031125,-0.0638841567291336,772900.0,-21.104557069846688,-11.908858603066419,-9.990204429301567,-9.037478705281089,-4.371805792163553,-2.427597955707001,1
20031126,0.08526966531657697,1700400.0,-20.830846301428263,-11.701342997228693,-9.790236623321233,-8.176295033041972,-3.21466638243444,-1.6201236410147049,1
20031128,-0.8819823603527818,357900.0,-21.811528769424605,-12.896262074758456,-11.023519529609397,-8.58987820243595,-3.7400251994959928,-2.175556488870211,1
20031201,0.0,1209800.0,-20.812791684344518,-11.911752227407694,-10.010182435299113,-6.732074671192172,-2.235893084429364,-0.568519304200256,1
20031202,0.041511000415116496,1761300.0,-22.318078040680785,-13.673308426733044,-11.78663345786631,-7.824823578248213,-3.6695724366957254,-1.6977999169779947,0
20031203,0.061513225343436596,988800.0,-23.05823251999181,-14.56633176132867,-12.62415419315152,-7.947508714373599,-4.096780807873702,-2.144761123641582,0
20031204,-0.3127606338615483,1313600.0,-21.559633027522942,-12.98936613844868,-10.976230191826513,-5.401376146788988,-1.9140950792326923,-0.054211843202661064,0
20031205,0.0,488600.0,-20.26860465116279,-11.639957716701852,-9.552219873150076,-3.558139534883721,-0.15433403805496915,1.2050739957716858,1
20031208,0.2956081081081093,678200.0,-20.17662584459461,-11.605363175675642,-9.43792229729728,-3.186233108108109,0.0696790540540567,1.1697635135135178,0
20031209,-0.4201680672268967,475300.0,-20.378886554621864,-11.881722689075607,-9.650840336134472,-3.212184873949587,-0.04201680672269564,0.4159663865546227,0
20031210,0.04258037044922956,3088600.0,-19.116776665957,-10.548435171385945,-8.22525015967637,-1.5456674473067744,1.3008303172237687,0.9963806685118235,0
20031211,-1.8884892086330853,2892800.0,-14.401191546762593,-5.455485611510761,-2.962679856115088,4.249100719424462,6.425359712230209,5.085431654676261,1
20031212,-0.673400673400667,1849400.0,-14.377890011223343,-5.512682379348982,-2.984062850729485,4.23120089786756,5.569023569023558,3.68574635241301,1
20031215,-0.5307386112339717,1051000.0,-15.487173816895186,-6.795665634674876,-4.281291463953987,2.7476780185758507,3.580274214949137,1.2030075187969858,0
20031216,0.44843049327353307,694900.0,-14.153811659192817,-5.395964125560485,-2.8399103139013224,4.140134529147979,4.2174887892376685,1.2645739910313902,0
20031217,0.04501462975467731,791000.0,-13.642471303173542,-4.962187711006019,-2.3475129417060367,4.455322979968494,3.639432815665101,0.508665316227772,1
20031218,0.3572225943290996,654700.0,-14.15081491404331,-5.632283991962446,-2.9988836793927125,3.5632953784326937,2.0986827416834224,-0.16075016744809717,1
20031219,0.11088933244621235,557600.0,-14.538035041029065,-6.147704590818344,-3.4757152361942927,2.834331337325346,0.9292526058993056,-0.585495675316041,0
20031222,-0.7985803016858904,565200.0,-14.337289263531488,-6.013975155279444,-3.2981366459627224,2.78837622005325,0.4458740017746398,-0.6255545696539407,1
20031223,0.02227667631988864,523800.0,-13.78859434172422,-5.508353753619935,-2.732902650924476,3.129873022944979,0.267320115838727,-0.07574069948763404,1
20031224,-0.44198895027624935,175000.0,-14.277790055248623,-6.119779005524826,-3.3122651933701404,2.120441988950273,-0.910497237569043,-0.5082872928176884,1
20031226,-0.08789277081959822,166000.0,-14.566359041968791,-6.5260382333552585,-3.67567567567565,1.3832124807734567,-1.2502746649088015,-0.7602724675895488,1
20031229,0.2193944712593274,702600.0,-14.501316366827549,-6.517990346643218,-3.616059675296158,1.0037297060114154,-1.1759543659499656,-0.6976744186046465,1
20031230,0.13126230584117757,589300.0,-14.540910085320515,-6.606213082476467,-3.7094727630715045,0.5600525049223369,-1.349814045066719,-0.7044410413476323,1
20031231,0.4554326610279784,500300.0,-15.082303188028645,-7.2428974192149065,-4.324007807417001,-0.5367599219258344,-1.8781175450010992,-1.0366514855779845,0
20040102,0.0435255712731143,563100.0,-14.589880304679003,-6.757344940152302,-3.7801958650707173,-0.4972796517954229,-1.2056583242655103,-0.3873775843307884,0
20040105,0.30939226519337143,669400.0,-13.080000000000002,-5.1573480662982965,-2.1334806629833993,0.7425414364640851,0.42430939226517805,1.0386740331491844,0
20040106,-0.13247957606536162,518600.0,-12.967432104217275,-5.080150143519499,-1.9929344226098311,0.43166261867962613,0.37977478472069803,0.8213733716052264,0
20040107,0.0,587500.0,-13.057671142416918,-5.204270305965174,-2.073519700638345,-0.09024873431653956,0.1474796390050631,0.3874092009685429,0
20040108,-2.805389882924681,1516500.0,-12.562403357631997,-4.700463883366413,-1.5233046167439617,0.005522421029358561,0.5853766291141892,0.37110669317428596,1
20040109,-0.22321428571427304,1591900.0,-11.470870535714289,-3.5446428571428124,-0.2941964285714091,0.8125000000000098,1.5401785714285665,0.9107142857142885,1
20040112,-0.17304780445597728,1405800.0,-14.022171749945938,-6.361237291801837,-3.0975556997620335,-2.116590958252226,-1.4449491672074397,-1.7867185810079893,0
20040113,0.04354452427607909,688000.0,-13.280862181580694,-5.6115828434574295,-2.1419551491400006,-1.3270193773133119,-0.7250163291966155,-0.8665360330938456,1
20040114,0.3080308030803093,1173900.0,-12.186028602860318,-4.494829482948301,-0.7982398239824138,-0.25962596259626425,0.26622662266225544,0.18921892189217032,1
20040115,1.8240343347639514,1257400.0,-14.16212446351936,-6.700643776824054,-2.9334763948497797,-2.5064377682403416,-2.103004291845502,-1.7124463519313342,0
20040116,2.6237833262801566,1098100.0,-15.165044435040237,-7.834743969530258,-3.9432924248836336,-3.568556919170536,-3.1929750317393153,-2.0440118493440567,0
20040120,-0.23201856148491762,964800.0,-15.24267032271675,-7.955705547352878,-3.8692259017084902,-3.5973423328411442,-3.0436616747521574,-1.8561484918793558,1
20040121,-0.1042318115488788,1121300.0,-16.038253074838472,-8.857827809047333,-4.757139879091091,-4.422555764019144,-3.6168438607462985,-2.151344590368973,1
20040122,0.08247422680412195,615700.0,-16.756597938144374,-9.694020618556713,-5.55793814432988,-5.114432989690706,-4.037113402061852,-1.9628865979381553,0
20040123,-0.12355848434926332,863400.0,-16.655580724876497,-9.649505766062617,-5.453871499176267,-4.853789126853376,-3.478171334431631,-1.2767710049423486,0
20040126,-0.12618296529967438,906000.0,-14.68443743427975,-7.592639327024191,-3.275709779179797,-2.5909568874868545,-0.8496319663512016,0.9421661409043272,0
20040127,-0.464919695688924,866600.0,-14.065722738799696,-7.02240067624683,-2.5790363482671133,-1.9262468300929918,-0.13736263736263257,1.3947590870667872,0
20040128,0.08463817181548698,1319900.0,-13.75137537029203,-6.790943715615732,-2.2856538298772553,-1.6239949217097025,0.2708421498095493,1.2230215827338191,0
20040129,-0.10665529010239817,1293600.0,-12.854095563139984,-5.925554607508538,-1.3993174061433573,-0.7017918088737366,1.3886518771330827,1.352389078498279,0
20040130,-0.12674271229404788,509900.0,-13.506653992395481,-6.712082805238702,-2.2551753274187005,-1.5367553865652857,0.5597803126320098,-0.14786649767639923,0
20040202,-0.12889366272823882,683000.0,-11.855531686358795,-5.080558539205145,-0.5370569280343869,0.19871106337270467,2.1138560687432753,1.1170784103115,1
20040203,-0.08602150537634225,431100.0,-11.565591397849524,-4.931612903225819,-0.3767741935484411,0.44086021505374445,2.0279569892473073,0.8731182795698746,0
20040204,0.36224163647986724,678200.0,-12.177391860217417,-5.730023439164736,-1.2265075644577514,-0.3047091412742548,0.8715107607074495,-0.19177498401874346,0
20040205,-0.12964563526361772,1434200.0,-10.747947277441725,-4.351555747623178,0.18582541054447776,1.1873379429559245,1.8085566119274057,0.9507346585998222,1
20040206,1.108936725375077,2739000.0,-9.996520982822416,-3.6994998912807278,0.8288758425744258,1.9036747118938953,1.8917155903457217,1.000217438573605,1
20040209,0.20920502092050508,1002500.0,-13.213075313807588,-7.262970711297083,-2.9539748953975176,-1.641213389121327,-1.9142259414225926,-2.3012552301255114,0
20040210,0.12589173310953058,585700.0,-12.7676248426354,-6.923625681913579,-2.6374318086445916,-1.2022660511959724,-1.5547629039026432,-1.5274863617289016,1
20040211,0.12575979878432672,790100.0,-12.661496541605615,-6.963529658352573,-2.735694822888312,-1.1192622091804632,-1.5636134982184073,-1.3037099140641224,1
20040212,0.3732890916632097,739900.0,-13.380858564910882,-7.8726669431771175,-3.719618415595184,-1.8778515138946568,-2.3268353380340105,-1.5429282455412687,1
20040213,-0.0823214653220956,1010500.0,-13.837620909652252,-8.483432805103952,-4.435892158880428,-2.420251080469236,-2.8133360773821865,-1.222473760032931,1
20040217,-0.14256619144602908,436300.0,-14.528513238289273,-9.313238289205733,-5.415071283095721,-3.2464358452138513,-3.30346232179226,-1.7189409368635462,0
20040218,-0.3264639869414336,620000.0,-14.164864313405484,-9.041012038359543,-5.198530912058754,-2.9055294837788197,-2.613752295449906,-0.9875535604978611,0
20040219,0.25115110925072714,576500.0,-11.758057764755206,-6.599413980745123,-2.7379656760150826,-0.42591042277104507,0.07115948095437195,1.590623691921302,0
20040220,0.1689545934530059,506700.0,-10.773178458289385,-5.636958817317861,-1.8551214361140724,0.3569165786694611,1.205913410770851,2.1457233368532167,0
20040223,0.1702127659574432,398600.0,-9.962234042553215,-4.823617021276593,-1.1497872340425646,0.9382978723404007,2.17446808510638,2.229787234042542,0
20040224,-1.4520606448857565,831900.0,-9.512491992312642,-4.373905616058078,-0.7969250480461333,1.2278453982489768,2.338244714926327,1.6314328421951803,1
20040225,-0.32822757111598616,704100.0,-7.163238512035014,-1.921881838074389,1.7094091903719875,3.553610503282265,4.439824945295396,2.6958424507658627,1
20040226,-0.670125378296574,737400.0,-8.170557717250306,-3.0090791180285104,0.552096843925626,2.1919584954604323,2.8620838737570367,0.7955036748811114,0
20040227,0.2597964927473578,489600.0,-7.919463087248325,-2.7724615717687655,0.7464819224940296,2.2721368261528507,2.5784801905174493,0.44598397921627186,1
20040301,0.0,465700.0,-7.354873803307235,-2.20256744995646,1.309834638816355,2.633812010443856,2.5195822454308274,0.4960835509138415,1
20040302,0.12936610608019655,472600.0,-8.08678309616217,-2.988357050452757,0.4764984907287702,1.6860715825786898,1.0047434238896098,-0.6080206985769806,1
20040303,0.12919896640827364,647400.0,-8.095822566752865,-3.013781223083548,0.41774332472005926,1.548234280792423,0.3208440999138693,-0.4177433247200745,1
20040304,0.7465870307167114,507700.0,-8.846203071672418,-3.8048208191126345,-0.44837883959045965,0.5898037542662087,-0.8127133105802052,-1.0878839590443794,0
20040305,-0.3371260008428228,723000.0,-9.836915297092357,-4.856089338390246,-1.5646860514117216,-0.5151706700379313,-2.00168563000422,-1.7614833544037052,0
20040308,-0.29806259314456157,847600.0,-8.76655311901219,-3.744730679156932,-0.4492229082392834,0.6269959548648059,-0.9857355758995274,-0.3065786672344014,0
20040309,-0.30178917870230776,678100.0,-7.508299202414376,-2.4218581590860406,0.8445785729683196,1.7331321405475362,0.1573615003233311,0.9441690019400631,0
20040310,0.15347511510633696,726200.0,-5.823832492874432,-0.6566542424907171,2.573558430168807,3.2481911861433983,1.8504713878535277,2.3065117298837965,0
20040311,0.0,1013600.0,-3.4932659932660544,1.7901234567900906,4.967901234567903,5.350168350168362,3.890011223344566,3.694725028058379,1
20040312,0.5181347150258997,356100.0,-3.062851993692322,2.220319891867501,5.286776300968691,5.298490651047541,3.8589772471277177,2.6852894796125257,0
20040315,0.1561454383225525,487500.0,-3.9265001115324862,1.3020298906981465,4.196297122462636,3.8456390809725716,2.5875529779165665,0.7227303145215215,0
20040316,0.27409776153494164,381900.0,-1.5397441754226062,3.7925993604385138,6.596162631338507,5.728643216080392,4.454088624942886,1.9460941068981357,1
20040317,0.8430166324903109,532900.0,-1.7087035771246422,3.583048530416906,6.267031214399616,4.880382775119624,3.611300979722018,0.9068124857598454,1
20040318,-0.6309148264984252,459900.0,-2.7101171698963857,2.5347003154573895,5.0527264533573435,3.33934204596665,1.9040108156827213,-0.283911671924301,1
20040319,-0.17961383026492658,503400.0,-2.9833857207005123,2.2593174674449843,4.635383924562189,2.652671755725206,0.8823529411764881,-0.5747642568477618,0
20040322,-0.4499437570303776,1370900.0,-2.7169853768279344,2.5518560179977254,4.810348706411693,2.5736782902137194,0.5196850393700664,-0.5444319460067591,0
20040323,-0.06775067750677764,1033500.0,-2.2889566395664325,3.0329719963866064,5.189250225835565,2.679539295392975,0.42908762420958635,0.06323396567300316,0
20040324,-0.22675736961451567,616000.0,-1.840816326530624,3.552380952380939,5.52199546485258,2.917233560090695,0.4965986394557689,0.5668934240362651,1
20040325,0.0680889695869295,849600.0,-1.704380390376766,3.772128915115717,5.532909668633655,2.7610077167498783,0.4766227871084742,0.5129369042214978,0
20040326,0.0,504300.0,-1.8288400543724426,3.714091526959662,5.282283642954208,2.342546443135492,0.23787947439963042,0.1495242410512064,0
20040329,-0.4103967168262648,1277000.0,-1.1602827177382513,4.479936160510683,5.829457364341075,2.756497948016423,0.6566347469220333,0.5198358413132731,0
20040330,-0.666819958611173,2538700.0,-0.2804092894918331,5.469993101862483,6.556449758565167,3.298459415957691,1.446309496435957,1.0117268337548808,0
20040331,0.895803866100885,1832300.0,2.244578029231502,8.22395096652522,9.008958038661001,5.430221593587929,3.658651579443658,2.7675624705327495,0
20040401,0.28037383177571157,787200.0,1.345093457943953,7.273598130841112,7.799532710280392,4.01752336448599,2.3691588785046798,1.2663551401869195,0
20040402,1.3807629300257511,729900.0,1.5161479054528728,7.4505031593727855,7.706061315235248,3.6344488649660764,2.11326936578516,0.7722911303533945,0
20040405,0.42134831460674094,789800.0,1.5483380149813117,7.464419475655432,7.457865168539375,3.161282771535573,1.73220973782772,0.2621722846442158,0
20040406,0.09315323707498638,1084400.0,1.0584536562645954,6.900558919422443,6.692594317652595,2.2310200279459838,0.8989287377736608,-0.5076851420586783,0
20040407,0.07032348804500971,2146500.0,1.750586029067076,7.618612283169236,7.174402250351654,2.5562587904360194,1.2236286919831356,0.25785278949835777,0
20040408,0.6679389312977126,1726700.0,3.579317748091622,9.486641221374022,8.811545801526742,4.052958015267171,2.5000000000000044,1.6078244274809146,0
20040412,0.3143893591293723,1173400.0,5.0291414752116195,10.91559854897218,10.044014510278126,5.1197097944377195,3.238210399032662,2.3409915356710918,0
20040413,0.8184882041405956,1670500.0,4.5659605199807825,10.326913818006757,9.26143476167553,4.242898411169964,2.207510832932135,1.304766490129999,0
20040414,-0.4663721158566638,1273100.0,6.622852233676989,12.384634266077557,11.121747668139417,5.916789396170854,3.5395189003436425,2.214040255277371,1
20040415,0.9022189709826983,1673700.0,5.929529383077349,11.541087539624492,10.122409168495514,4.8683247988295655,2.514020970495016,0.7364057546939761,1
20040416,0.8293838862559108,1523700.0,2.964336492891036,8.318720379146919,6.792890995260659,1.6528436018957129,-0.5189573459715836,-1.9715639810426555,1
20040419,-0.046490004649007724,600800.0,1.0359135285913705,6.191771269177123,4.60576476057646,-0.461413296141336,-2.3477452347745515,-3.063691306369142,0
20040420,-0.2320185614849221,1298000.0,0.8776102088167579,5.933642691415333,4.277494199535951,-0.8027842227378439,-2.440835266821361,-2.5197215777262314,1
20040421,0.04682744088034657,1014900.0,1.8291969093889353,6.801451650667318,4.991336923437147,-0.08077733551860034,-1.6038398501521611,-0.707094357293373,1
20040422,0.13821700069109025,1096200.0,0.20824694770795624,4.998617829993135,3.1025109421792587,-1.7714812255240693,-3.017737848421995,-1.202487906012436,0
20040423,-0.2538656819755353,747400.0,0.4105700438495785,5.093468728363755,3.0906992845603796,-1.6743595661204633,-2.513270251557809,-0.4984998846065107,0
20040426,-0.2558734589439391,507900.0,1.2099325424517517,5.828099558036797,3.6627122586648473,-1.0304722028378641,-1.360781577110958,0.2744824377762154,0
20040427,0.11646866992778279,897900.0,1.3687398089914022,5.8537153505707415,3.5439086885628095,-1.0004658746797215,-0.8991381318425409,0.33542976939202973,0
20040428,-0.14191106906339232,1474600.0,2.937677388836394,7.32757805108804,4.81315042573325,0.3784295175023403,0.9886471144749273,1.674550614947979,0
20040429,-6.571227411405767,8515300.0,2.1531330673551197,6.370804975357941,3.70100915278105,-0.37667214268954047,0.5820229992959175,0.5116169913165839,0
20040430,-0.13550135501354243,3534100.0,17.906368563685696,22.54905149051494,19.15826558265585,14.239837398373984,14.710027100271015,12.579945799458002,0
20040503,0.0842696629213515,2099500.0,22.144241573033728,26.69382022471916,22.849438202247207,17.410112359550524,16.814606741573023,12.539325842696625,0
20040504,0.5074711023400048,2335600.0,22.534536227798167,26.816182689596896,22.649563010995205,16.818438116718333,15.091626726811375,8.745418663659422,1
20040505,-0.5053340819764169,1671300.0,21.959011791128592,25.96350364963509,21.50364963503653,15.298989331836049,12.61650758001123,4.548006737787753,1
20040506,-0.6392440244580236,884800.0,20.673429683157345,24.466926070038983,19.7476375764314,13.217065036131178,9.424680377987785,-0.18343524180098777,0
20040507,-0.729722144260469,825400.0,21.790766208251505,25.43923659837222,20.327252315464523,13.446533819814773,8.338478809991589,0.08419870895311263,0
20040510,-0.5681818181818262,1345700.0,23.21136363636368,26.686931818181854,21.172727272727283,13.958806818181815,7.4488636363636145,1.0795454545454415,1
20040511,1.2850467289719558,1955300.0,26.582359813084167,29.936331775700975,23.885514018691577,16.087908878504667,7.923481308411197,3.195093457943908,1
20040512,-0.028304557033676795,1257200.0,22.593405038211216,25.66996886498729,19.4378714973111,11.740730257571478,2.6266628927257214,-0.15284460798189087,1
20040513,0.257953568357685,1490600.0,24.0577529378046,26.971051877328776,20.282029234737745,12.272857552307261,1.7082258526798615,0.48151332760105003,1
20040514,-0.38845726970033456,1726200.0,20.0439789123197,22.668423973362966,15.842397336293013,7.835738068812425,-1.7758046614872383,-2.4972253052164226,1
20040517,-0.791484716157203,1493400.0,18.03247816593891,20.42931222707428,13.354803493449802,5.199235807860265,-3.1004366812226953,-3.307860262008723,1
20040518,1.2745912995289381,989600.0,19.77639235245223,22.020781379883616,14.479357162648931,5.831255195344955,-1.4519257412025515,-0.8090883901357759,0
20040519,1.0958904109589003,1075900.0,18.39808219178086,20.41041095890412,12.651506849315094,3.791780821917809,-2.3178082191780724,-1.282191780821908,0
20040520,0.1372118551042927,854300.0,18.549807903402908,20.359769484083444,12.333699231613629,3.0063117453348007,-2.030735455543345,-0.268935236004388,0
20040521,-0.0277623542476544,638100.0,19.89533592448643,21.49777901166022,13.169905607995558,3.192670738478619,-0.7801221543587059,0.8828428650749522,1
20040524,0.6111111111111079,1070400.0,19.939861111111156,21.295555555555584,12.766666666666676,2.2791666666666544,-0.5027777777777704,0.5833333333333357,0
20040525,-1.6892827471614495,1294000.0,19.546801440044362,20.649127665466676,11.940182774854627,1.0232622542232128,-0.28800886181113045,0.28800886181113045,1
20040526,0.30564045568213233,1556700.0,19.9108085579328,20.774659627674385,11.880522367324268,0.48624617949431576,0.22784106696304732,0.33898305084745733,1
20040527,0.08136696501220814,871700.0,17.031868727963182,17.66476810414977,8.8294005966911,-2.6905343097369068,-1.6273393002441048,-1.8226200162733852,1
20040528,0.08064516129030654,774100.0,15.982930107526938,16.403494623655952,7.4779569892473035,-3.5134408602150407,-2.1881720430107525,-2.0591397849462316,0
20040601,-0.5613472333600475,952200.0,15.32691793638071,15.53568564554936,6.493450948944138,-3.813151563752981,-2.531408714247516,-1.8551189521518383,0
20040602,-0.05374899220640453,411000.0,15.94114485353405,15.940069873689888,6.67669981187853,-3.0623488309594147,-1.7065305025530715,-0.7363611932276294,0
20040603,0.026997840172780806,1484000.0,16.4628779697625,16.262688984881244,6.775377969762417,-2.425755939524815,-1.1096112311014963,0.28617710583153794,0
20040604,1.5646445237441675,644700.0,18.3844359044744,17.940433708482058,8.142190502333243,-0.7301674444139398,0.5435080977216591,1.723853966511137,1
20040607,0.16238159675235497,381400.0,16.68267929634648,16.037618403247684,6.235453315290939,-1.9485791610284136,-0.6197564276048693,0.15696887686060276,0
20040608,-0.6169527896995814,940000.0,15.613331545064435,14.791309012875582,4.927038626609452,-2.537553648068664,-1.156115879828319,-0.7993562231759704,0
20040609,0.13642564802183976,1062200.0,17.560982264665824,16.493042291950943,6.337244201909982,-0.5334242837653358,0.6903137789904699,0.6002728512960406,0
20040610,-0.2221605109691705,1118200.0,19.604970841432998,18.251041377395236,7.811718966953651,1.3287975562343903,2.4854207164676567,1.8161621771730172,0
20040614,0.1130901894260649,1470400.0,21.71331636980498,20.05032513429466,9.363867684478386,3.2301385354820624,3.9157478088775948,3.0590896239751224,0
20040615,-0.8620689655172332,1740700.0,23.636494252873597,21.638218390804635,10.695402298850599,4.742816091954026,4.92816091954024,3.511494252873567,1
20040616,0.3181949667341609,1144400.0,24.36968469771484,22.04454729534283,10.95979172693087,5.14029505351459,4.804743997685859,2.6323401793462646,1
20040617,-0.7970395673213809,966200.0,22.303871335041308,19.716766296612594,8.758895530885278,3.327640193566743,2.5419869057785385,0.1309422146313674,1
20040618,-0.05715918833953451,629700.0,22.707344955701657,19.83681051729065,8.73963989711346,3.5252929408402385,2.366390397256347,-0.05144326950557497,0
20040621,-0.05720823798627897,926500.0,22.717820366132756,19.586098398169348,8.392448512585805,3.4024599542334166,2.033752860411895,-0.20022883295194588,0
20040622,0.028702640642933437,795900.0,23.03917910447764,19.641504018369687,8.359357060849572,3.589265212399547,1.7795637198622198,0.16647531572904659,0
20040623,0.29069767441860883,3111800.0,24.50639534883725,20.80901162790699,9.341279069767443,4.681686046511634,2.2441860465116235,1.3488372093023422,0
20040624,-0.05975500448161345,3315700.0,27.84896922617273,23.75141918135645,11.897221392291623,7.195996414699741,4.135046310128474,3.17299073797432,0
20040625,0.0,1922300.0,30.483358778625995,26.050687022900753,13.869312977099241,9.058015267175582,5.429007633587804,4.073282442748102,0
20040628,-8.921933085501866,16457800.0,32.19671623296164,27.445477075588602,14.986369268897153,9.934944237918218,6.0068153655514465,3.928128872366793,0
20040629,0.0,4928800.0,54.88363636363643,48.891272727272735,33.903999999999996,27.279999999999983,21.778181818181807,16.65454545454545,0
20040630,0.0,3822300.0,57.84942443371713,51.32417378388413,35.54326030449312,28.028221314519104,21.518752320831794,13.575937616041598,0
20040701,0.14847809948032348,1831200.0,57.47902746844847,50.560876020786935,34.29324424647365,26.07461024498886,18.433556050482544,8.68596881959911,0
20040702,0.0,1471700.0,57.86651752423574,50.45227442207308,33.70917225950782,24.733407904548837,15.917225950782992,4.75018642803878,0
20040706,-0.03707823507600301,1672600.0,56.66407119021143,48.848350018539115,31.74638487208008,22.285873192436014,12.309974045235448,0.2298850574712687,0
20040707,-0.38022813688213464,2402100.0,60.30038022813701,51.82623574144487,33.807604562737644,23.37642585551328,11.923954372623571,1.8707224334600794,0
20040708,0.19267822736031104,1388900.0,62.10289017341054,53.01579961464354,34.299036608863204,22.857418111753358,10.177263969171477,2.4894026974951724,0
20040709,0.11723329425557302,1482900.0,64.0201250488473,54.269636576787796,34.833137944509566,22.42477530285267,8.647909339585766,2.8761234857366187,0
20040712,-0.7864726700747121,1178700.0,64.70330318521441,54.30947699567441,34.35627211954383,21.114825009830916,6.453008257963057,2.430200550530877,1
20040713,0.2368732727990615,1512000.0,64.98835373075414,53.98381365969208,33.52230556652191,19.611133043821575,4.12949072246348,1.5396762731938436,1
20040714,-0.23575638506875723,1421700.0,63.86561886051093,52.38035363457758,31.992927308447932,17.21021611001966,2.833005893909627,0.3929273084479567,1
20040715,-0.11623401782254003,2169100.0,61.26753196435503,49.42037969779155,29.393258426966295,13.87834172801243,0.9647423479271829,-1.1158465710964616,1
20040716,1.3709063214013686,1315900.0,58.20811119573507,46.070068545316026,26.474485910129452,10.238004569687757,-1.0243716679360182,-2.3000761614623104,0
20040719,0.6920415224913484,761800.0,59.422337562476066,46.67358708189157,26.951172625913117,9.57131872356787,-0.3844675124951859,-0.9150326797385602,0
20040720,0.23076923076922584,600100.0,59.18173076923085,45.97230769230768,26.232307692307717,7.890384615384632,-0.7192307692307738,-0.36153846153846614,0
20040721,0.0382995021064786,963800.0,58.21390271926472,44.58559938720794,24.971275373420156,5.764075067024139,-1.2102642665645307,-0.27575641516659966,0
20040722,-0.07773027594247793,1418500.0,60.23338515351742,45.925767586474905,26.08083948698016,5.641274776525454,0.16323357947919953,1.1348620287602083,0
20040723,-0.5464480874316962,738200.0,60.5991412958627,45.75839188134266,25.94925839188134,4.562841530054633,0.6049960967993661,1.069476971116305,0
20040726,0.03941663381946397,1212900.0,61.85888845092637,46.366574694521034,26.405202995664173,4.138746551044529,1.5727236893969008,1.560898699251073,0
20040727,-0.039745627980928316,1488200.0,62.8791732909381,46.7424483306836,26.686804451510337,3.5930047694753573,2.3529411764705834,1.7408585055643973,0
20040728,-0.03971405877679909,1493300.0,62.42990468625903,45.76409849086572,25.723590150913438,3.0500397140587654,2.1644162033359877,0.9213661636219336,1
20040729,0.0,1525700.0,64.18483507642812,46.731295253419106,26.39420756234915,3.960176991150445,3.0973451327433756,1.5205148833467566,1
20040730,0.07843137254901794,1043300.0,59.752549019607926,42.20666666666662,22.391372549019614,1.0686274509803817,0.2117647058823331,-1.1215686274509857,0
20040802,-0.9520031733439189,1395200.0,61.28004760015876,43.00238000793335,22.903609678698945,1.9119397064656714,1.0472034906782997,-0.11106703689013188,1
20040803,7.878787878787875,4069100.0,63.945050505050595,44.817373737373714,24.243232323232323,3.357575757575741,2.420202020202021,1.41414141414142,1
20040804,-0.3703703703703756,1114700.0,50.02648148148157,32.09925925925924,13.221481481481485,-5.12592592592594,-5.78518518518519,-5.688888888888881,0
20040805,-0.07421150278292978,845100.0,50.03339517625239,31.697217068645628,12.75992578849722,-4.764378478664202,-5.157699443413731,-3.9628942486085394,0
20040806,-0.7564296520423708,704000.0,52.65166414523457,33.541981845688326,14.203479576399399,-2.766641452344947,-3.018154311649037,-1.3993948562783698,0
20040809,0.2673796791443861,1259300.0,53.88254392666164,34.195951107715786,14.588235294117668,-1.6577540106951776,-1.7456073338426172,0.3208556149732606,0
20040810,0.0768049155145913,1418600.0,54.409754224270415,34.23195084485405,14.372503840245802,-0.9927035330260922,-0.879416282642086,1.850998463901701,1
20040811,-0.38314176245211273,1991900.0,53.78563218390809,33.22298850574709,13.259003831417635,-1.095785440613032,-0.7547892720306618,0.9272030651340758,1
20040812,0.07331378299120078,3415900.0,46.893145161290406,26.827712609970632,7.617302052785948,-5.104472140762444,-4.160557184750738,-3.196480938416435,0
20040813,0.07272727272727117,1111000.0,45.47890909090918,25.196727272727244,6.050181818181838,-5.638181818181791,-4.200000000000005,-3.200000000000009,1
20040816,-0.2197802197802281,966200.0,46.30457875457883,25.49194139194132,6.113553113553115,-4.710622710622715,-2.7326007326007535,-1.6703296703296684,1
20040817,-0.1807011203469487,856300.0,44.130104806649875,23.220093964582517,4.061438380917959,-5.683050234911449,-2.9779544633176913,-1.8070112034694743,0
20040818,-0.21929824561403044,1369300.0,45.55921052631586,24.005847953216342,4.5394736842105425,-4.385964912280686,-1.7470760233918186,0.2266081871345202,1
20040819,0.07270083605961312,929500.0,44.56761177753549,22.725190839694616,3.259178480552537,-4.583787713558703,-2.0792439113049896,-0.15267175572519662,1
20040820,0.03614022406938204,691800.0,43.521322732200986,21.43043006866637,2.013010480664988,-4.765088543548983,-2.20093964582581,-0.6071557643657364,1
20040823,-0.035688793718765204,544000.0,41.531049250535396,19.361527480371127,0.16845110635261845,-5.481798715203419,-2.7658815132048358,-1.3347608850820671,0
20040824,0.3577817531305954,697600.0,41.69767441860471,19.14275491949907,-0.11162790697672553,-4.745974955277279,-1.838998211091232,-0.8872987477638681,0
20040825,0.0,530400.0,42.71209386281596,19.67292418772558,0.2772563176895386,-3.4314079422382604,-0.3754512635378905,0.25270758122743786,0
20040826,-0.17959770114942786,310300.0,41.727909482758676,18.536278735632116,-0.710488505747104,-3.3818247126436574,-0.6752873563218221,-0.014367816091946059,1
20040827,-0.07259528130671351,425800.0,42.935753176043626,19.23339382940105,-0.21560798548093127,-1.9927404718693136,0.388384754990936,0.950998185117969,0
20040830,0.0357142857142913,556000.0,40.36160714285718,16.783571428571392,-2.3185714285714174,-3.0696428571428465,-0.9749999999999861,-0.6857142857142863,0
20040831,0.07299270072993842,564400.0,43.169525547445325,18.783941605839388,-0.7313868613138627,-0.4635036496350195,1.0948905109489078,1.0875912408759192,1
20040901,0.25408348457350377,465400.0,42.105081669691536,17.615607985480896,-1.801088929219581,-0.905626134301236,0.613430127041744,0.4283121597096136,1
20040902,0.14456089627755384,654700.0,41.18160462594874,16.611131189013342,-2.7134080231297366,-1.2052764727141079,0.23491145645103462,-0.13010480664979332,0
20040903,-0.03615328994939105,575600.0,40.92064352856118,16.15148228488789,-3.098336948662326,-0.9490238611713768,0.2675343456254449,-0.014461315979758988,1
20040907,0.43795620437956573,872600.0,41.93357664233583,16.76678832116785,-2.569343065693433,0.21350364963505755,0.9927007299270276,0.4963503649635138,0
20040908,-0.10779734099891335,773800.0,39.42741645706079,14.489040603665082,-4.3945382680560385,-1.0132950053898546,-0.6108515989938721,-0.7473948975925077,0
20040909,0.0,421900.0,40.97851420247637,15.494901675163833,-3.109249817916982,0.5680990531682274,0.6409322651128985,0.5243991260014377,0
20040910,-0.25547445255474555,496100.0,40.95328467153291,15.17773722627732,-2.86277372262773,0.8102189781021816,0.7007299270073128,0.5474452554744604,1
20040913,0.0,912200.0,40.72114682249824,14.68772826880931,-2.759678597516453,0.8619430241051758,0.7121986851716593,0.41636230825420295,1
20040914,0.47186932849364427,874200.0,39.50054446460985,13.429764065335686,-3.306715063520889,0.28493647912883735,-0.07259528130671351,-0.09437386569872885,1
20040915,0.18050541516245744,1335200.0,38.398375451263604,12.248375451263477,-3.7776173285198755,-0.25270758122742504,-0.5054151624548628,-0.7292418772563112,1
20040916,3.16901408450705,2953100.0,34.64876760563387,8.955985915492901,-6.0014084507042496,-2.5281690140845194,-2.6584507042253485,-2.5140845070422615,1
20040917,0.639730639730644,2667100.0,28.461447811447865,3.739393939393873,-9.86329966329969,-6.425925925925938,-6.235690235690225,-5.23232323232324,0
20040920,0.19973368841545366,1183100.0,26.7055592543276,2.1361517976031372,-10.587217043941443,-7.090545938748344,-6.504660452729707,-4.533954727030632,0
20040921,1.8581081081080986,1113900.0,28.26520270270273,3.2260135135134607,-8.976351351351376,-5.442567567567558,-4.371621621621623,-1.7297297297297312,0
20040922,-0.10056989607776597,1272200.0,26.97234327857864,2.001676164934574,-9.376466644317816,-5.856520281595709,-4.438484746899112,-1.0593362386858831,0
20040923,0.40816326530612584,1204400.0,28.525000000000052,3.238435374149605,-7.782312925170082,-4.190476190476188,-2.3809523809523787,1.068027210884354,1
20040924,0.17105713308245196,1195800.0,28.962367430721912,3.620937393089227,-7.011973999315801,-3.3954840916866464,-1.1871365035922044,1.3342456380430963,1
20040927,-0.1010441226002059,388000.0,26.662681037386367,1.820815089255586,-8.221623442236476,-4.531828898619068,-1.9400471539238937,-0.47153923880094495,0
20040928,0.20401224073443971,714700.0,27.5700442026522,2.5790547432845417,-7.1166269976198935,-3.3832029921795583,-0.37402244134650303,0.34682080924855596,1
20040929,0.8174386920980995,1144000.0,27.529802452316137,2.528269754768369,-6.72956403269757,-2.8848773841962263,0.36103542234331776,0.19754768392370511,0
20040930,-0.5008347245408968,1077400.0,24.773789649415733,0.3188647746243426,-8.310517529215373,-4.397328881469139,-1.0984974958263793,-1.4090150250417381,0
20041001,0.8152173913043425,695500.0,26.667289402173928,1.861073369565176,-6.470108695652191,-2.440557065217399,0.5264945652174071,0.44157608695651834,0
20041004,-0.1689189189189213,1280200.0,25.729222972973005,1.1537162162161798,-6.706756756756777,-2.6402027027027066,-0.1655405405405268,-0.1621621621621563,0
20041005,-1.6835016835016834,1048100.0,25.057912457912497,0.6235690235690057,-6.729292929292928,-2.580808080808071,-0.4680134680134778,-0.3030303030302906,0
20041006,-0.3442340791738431,927300.0,27.58519793459554,2.674010327022356,-4.3745266781411525,-0.19104991394148743,1.4905335628226943,1.7142857142856935,0
20041007,0.0,829600.0,29.30437062937066,4.029370629370617,-2.6307692307692485,1.578671328671314,2.80769230769231,2.3706293706293735,0
20041008,0.07176175098672254,860900.0,32.38249013275927,6.439540724793667,0.13562970936489832,4.323645496950119,5.012558306422684,3.9253677789737984,0
20041011,0.07171029042667469,745900.0,31.9827895302976,6.069200430261724,0.23520975259949758,4.340265328074578,4.291860882036569,2.6245966296163603,0
20041012,0.10873504893077614,724500.0,33.09786154403771,6.899601304820576,1.4976440739398456,5.482058716926433,4.766219644798845,2.2109459949257215,0
20041013,0.6231671554252132,818300.0,34.276209677419345,7.778592375366555,2.8365102639296236,6.603739002932567,5.194281524926692,2.0747800586510357,0
20041014,-0.14711290915778852,526600.0,34.38249356381023,7.810592129459332,3.1908789996322025,6.734093416697299,4.527399779330629,1.3755057006252254,0
20041015,0.7809594644849418,949100.0,35.53179620676833,8.674600223131247,4.337671997024914,7.402380066939386,4.745258460394211,1.7776124953514376,0
20041018,-0.7380073800738112,554600.0,34.13081180811812,7.499999999999981,3.5778597785977846,6.027675276752799,3.011070110701116,0.4059040590405883,0
20041019,0.2594514455151975,693900.0,34.37583395107491,7.644180874722004,4.097850259451429,6.013713862120097,2.461082283172713,0.4002965159377337,0
20041020,0.07524454477051591,672000.0,36.04683972911968,8.876975169300229,5.705041384499614,6.99774266365691,3.073739653875108,1.3844996237772842,0
20041021,-0.5660377358490513,941600.0,36.10301886792457,8.801886792452828,6.054339622641517,6.773584905660397,2.5924528301886838,1.1698113207547256,0
20041022,0.03789314134140966,483600.0,36.30958696475942,8.837817355058748,6.428950359984857,6.68056081849186,2.4592648730579665,1.2125805229253515,0
20041025,-1.2957317073170727,2106100.0,36.72618140243906,9.041920731707325,6.941310975609773,6.633003048780492,2.416158536585381,1.1356707317073242,0
20041026,1.6660055533518372,2081900.0,41.923839746132494,13.027766759222537,11.144783815946067,10.15668385561287,5.656485521618413,3.863546211820721,1
20041027,0.3909304143862449,1021800.0,39.46735731039879,10.96872556684912,9.373729476153274,7.824472243940579,3.463643471462077,1.5793588741204203,1
20041028,3.932584269662924,2479800.0,33.25692883895134,5.929962546816511,4.736329588015013,2.6928838951310907,-1.0599250936329767,-2.531835205992503,1
20041029,0.0,1000200.0,26.758392857142887,0.6803571428571686,-0.09142857142853598,-2.3321428571428524,-5.257142857142862,-5.907142857142844,0
20041101,0.17869907076483454,1100500.0,26.51626161543963,0.44245889921374676,0.0021443888492110783,-2.5518227305217964,-4.874910650464607,-4.5961401000714845,0
20041102,0.36337209302326096,1313500.0,28.272347383720987,1.8128633720930327,1.6373546511628219,-1.3190406976744429,-3.0886627906976796,-1.322674418604654,1
20041103,5.811403508771929,1034600.0,28.656067251462037,2.1154970760234346,2.1885964912281115,-1.0508040935672567,-2.2368421052631517,0.5555555555555594,0
20041104,0.36140224069388455,1421800.0,26.847849656667904,0.7137694253704686,1.0415612576798354,-2.3274304300686603,-2.909288037585832,0.13010480664979332,0
20041105,1.394495412844033,552300.0,28.413027522935835,1.997431192660576,2.5555963302752707,-0.9357798165137707,-1.0972477064220165,1.1229357798165172,1
20041108,-0.4693140794223791,861600.0,25.950361010830374,0.07220216606501889,0.9003610108303812,-2.579422382671471,-2.1768953068592114,-0.7220216606498169,1
20041109,0.7207207207207181,495400.0,25.366666666666703,-0.3690090090089684,0.7005405405406107,-2.7261261261261227,-1.4378378378378411,-0.7351351351351245,1
20041110,1.1115095016134768,727000.0,24.389028325564755,-1.1226245966295985,0.23019003226968016,-3.1050555754750793,-1.1043384725708132,-0.8533524560774582,1
20041111,0.3854239663629973,789100.0,21.228100911002134,-3.595304835318837,-1.9831814996495736,-5.0753328661527775,-2.7119831814996402,-2.501751927119827,1
20041112,0.6256517205422305,745700.0,19.944212721585014,-4.5616962113312365,-2.6903023983315615,-5.507473062217596,-3.2221063607924907,-2.224539450816813,0
20041115,0.0,704800.0,19.497395833333357,-4.8232638888888735,-2.7124999999999693,-5.310763888888896,-3.038194444444444,-1.5624999999999976,0
20041116,0.10496850944716983,509400.0,20.102869139258235,-4.236529041287586,-1.8810356892931792,-4.30195941217634,-1.9209237228831333,-0.22393282015395402,0
20041117,0.24449877750611346,540700.0,19.581033880544908,-4.531260915123983,-1.9965071603213047,-4.111072301781359,-1.6486203283269343,0.11875654907439373,0
20041118,0.24518388791593795,514400.0,19.594220665499133,-4.226970227670745,-1.6455341506129324,-3.4833625218914386,-1.064798598949219,0.40630472854639615,1
20041119,0.07032348804500553,2057800.0,19.743143459915625,-3.8034458509141977,-1.1919831223628394,-2.7496483825597875,-0.26371308016878636,0.5625879043600567,1
20041122,-0.8576329331046313,1124800.0,16.53773584905664,-6.070668953687799,-3.4771869639793813,-4.619210977701528,-2.195540308747846,-1.6466552315608933,1
20041123,0.13816925734023885,527500.0,17.01727115716753,-5.3481865284974015,-2.713644214162308,-3.3143350604490327,-1.105354058721923,-0.7115716753022436,1
20041124,0.03451846738005372,634100.0,16.613910942354174,-5.3444943044528745,-2.693130824991348,-2.7959958577838977,-0.8008284432171189,-0.5453917846047557,1
20041126,-0.20512820512820074,245600.0,15.182051282051312,-6.1497435897435775,-3.5664957264956985,-3.290598290598286,-1.5076923076923163,-1.018803418803425,0
20041129,0.0,688500.0,15.132111034955459,-5.813913639479084,-3.3708019191226715,-2.856408498971889,-1.1309115832762107,-0.2741603838245315,0
20041130,-0.412938747419124,480900.0,15.271507226428088,-5.305574673090129,-3.039229181004801,-2.2694425326909764,-0.6331727460426739,0.07570543702684797,1
20041201,0.03449465332873944,717100.0,15.203001034839616,-4.954122111072758,-2.8471886857537028,-1.7799241117626832,-0.2518109692997722,0.34494653328733316,1
20041202,0.03441156228493312,1256400.0,14.582243633860992,-5.054714384032991,-3.1342050929111998,-1.7240192704748838,-0.34411562284927005,0.16517549896764716,1
20041203,-0.2732240437158533,1319000.0,13.405396174863412,-5.637295081967167,-3.870218579234968,-2.1875000000000098,-0.8435792349726893,-0.5669398907103959,1
20041206,-0.6791171477079772,1232400.0,12.446859083191855,-6.058404074702857,-4.4101867572156195,-2.3786078098471926,-1.0730050933786162,-0.9575551782682514,1
20041207,0.0,796900.0,12.262746430999323,-5.85520054384771,-4.33106730115569,-1.9867437117607258,-0.8803535010197155,-0.6118286879673682,1
20041208,-0.0682128240109126,543100.0,12.347032742155534,-5.421214188267374,-4.010914051841741,-1.3847203274215634,-0.41609822646657535,-0.0477489768076376,1
20041209,-0.4747371990505155,605400.0,11.424550695150922,-5.8480840963038165,-4.555442522889112,-1.6819260766361674,-0.8138351983723244,-0.3323160393353524,1
20041210,-0.033333333333338544,1570200.0,9.259333333333354,-7.3189999999999715,-6.174666666666676,-3.1100000000000114,-2.250000000000002,-1.5466666666666622,1
20041213,-0.16217969510216398,1431800.0,6.0687641907233285,-9.648718780408677,-8.610444372364586,-5.384365877392152,-4.346415828738242,-3.3019785922802374,1
20041214,0.06453694740239796,1376600.0,5.279606324620882,-9.941916747337826,-8.992578251048736,-5.519522426589233,-4.217489512746043,-2.7879961277831584,1
20041215,0.31675641431739443,1394500.0,3.110864745011095,-11.40006335128284,-10.546088058283202,-6.781754830535334,-5.1599619892302755,-3.1485587583148553,1
20041216,0.24999999999999467,2866400.0,1.4996875000000243,-12.376874999999965,-11.563749999999995,-7.5078124999999885,-5.515624999999991,-2.881250000000013,0
20041217,0.030515715593524596,2724300.0,-1.100549282880661,-14.204150137320692,-13.387244430881925,-9.03722917302411,-6.670735428745825,-3.472688434543806,0
20041220,0.5026704366949424,822200.0,1.5746151429469415,-11.45146088595661,-10.580584354382644,-5.818410304743942,-3.16682375117812,0.006283380458694453,0
20041221,-0.09380863039399981,1144400.0,0.8638211382113853,-11.66416510318947,-10.744215134459036,-5.817698561600984,-2.8205128205128127,0.1563477173233293,1
20041222,0.1890359168242038,1140000.0,1.3957151858853227,-10.790485192186486,-9.807813484562065,-4.666036546943925,-1.3232514177693704,1.020793950850667,1
20041223,1.1558887847547783,1078500.0,0.32802249297095903,-11.316151202749106,-10.27303967510153,-4.995313964386142,-1.3683223992502196,0.1749453295845189,0
20041227,0.0,586700.0,-0.7929433611884856,-11.975239863819226,-10.789229340761375,-5.4038997214484965,-1.5691736304549608,-1.039925719591464,0
20041228,0.24906600249067684,635400.0,-0.3971046077210221,-11.293586550435826,-9.935865504358661,-4.386674968866758,-0.5853051058530474,-0.27397260273972907,1
20041229,0.49627791563274376,685600.0,-0.9630893300248062,-11.443858560794029,-9.95223325062036,-4.249379652605473,-0.5676178660049622,-0.4838709677419318,1
20041230,0.0,970400.0,-2.2282208588956887,-12.224846625766835,-10.601840490797542,-4.753067484662604,-1.3496932515337572,-1.0552147239263838,1
20041231,0.18088634308108278,501300.0,-4.069942719324695,-13.518239372927306,-11.740729574917086,-5.77027434428701,-2.692191739523668,-2.0560747663551253,0
20050103,-0.8214177061149864,931500.0,-3.3694858533617276,-12.522969272893182,-10.547611804076652,-4.364161849710972,-1.7736537876483067,-0.8214177061149864,0
20050104,-0.15693659761456594,1606400.0,-0.5051789077212908,-9.606089139987416,-7.368487131198996,-0.9541745134965427,1.3496547394852694,2.159447583176404,0
20050105,-1.1701454775458602,887300.0,0.04712207463629743,-8.789690069576203,-6.325110689437065,0.14547754585706177,2.0050600885515397,2.542694497153673,1
20050106,-0.032123353678117604,569300.0,1.4106970767748201,-7.230966912945693,-4.470285897847726,2.0125281079344686,3.414712495984577,3.2123353678123885,0
20050107,-0.1266624445851778,1041600.0,-0.23258391386954125,-8.429069031032284,-5.451551614946153,0.8898036732109005,1.804939835338823,0.734642178594056,0
20050110,-0.12978585334198295,707600.0,2.0128163530175045,-6.058728098637237,-2.8526930564568374,3.5107073329007275,3.83192731992212,1.8883841661258831,0
20050111,-0.032123353678117604,813500.0,0.7879858657243598,-6.8779312560231105,-3.619017025377426,2.5281079344683897,2.4799229039511905,0.4047542563443663,0
20050112,0.2610114192495982,1448600.0,2.1508972267536475,-5.322349102773245,-1.9353996737357129,4.078303425774902,3.5660685154975766,1.344208809135408,0
20050113,0.06596306068601442,697000.0,3.04551451187333,-4.216029023746695,-0.6833773087071014,5.004947229551469,3.9412928759894585,1.9129287598944535,1
20050114,0.16441959881618123,442700.0,2.5430779348898294,-4.418612298585974,-0.7767181848075946,4.432752384084191,2.7260769483722367,0.841828345938825,1
20050118,-0.4916420845624455,538800.0,2.0055719436250246,-4.639790232710555,-0.9157653228449423,3.7200917731891465,1.6158636512618882,0.3080957063257987,0
20050119,0.06501950585175414,665800.0,0.9819570871261187,-5.31989596879062,-1.4928478543562695,2.7031859557867537,0.43237971391417135,-0.74772431729519,0
20050120,-0.06589785831961491,757900.0,2.142339373970328,-3.9485996705107067,0.012520593080754224,3.8220757825370675,1.3706754530477654,0.3953871499176192,0
20050121,0.13175230566534632,930600.0,1.9015151515151434,-3.902503293807627,0.15151515151516115,3.5606060606060472,1.0836627140974988,0.3886693017127869,0
20050124,0.1000000000000038,889900.0,2.9133333333333176,-2.6626666666666545,1.4940000000000235,4.468333333333329,1.7699999999999958,1.3200000000000145,0
20050125,0.4052684903748768,507900.0,4.0609591354272165,-1.3110435663627074,2.903073286052047,5.388382303275924,2.7017899358324793,2.046605876393104,0
20050126,0.16926201760325224,750000.0,4.107650643195655,-1.0138794854434607,3.1990521327014347,5.201421800947868,2.4069058903182077,1.462423832092086,1
20050127,-0.304362529590801,588600.0,3.7996280013526915,-1.0497125464998354,3.146432194792027,4.643219479201873,1.9377747717280802,0.8319242475481742,1
20050128,-0.10030090270812816,710600.0,2.4386492811768465,-2.09060514877967,2.0628552323637845,3.0040120361083202,0.6419257773320084,-0.6151788699431664,0
20050131,0.8364001338240215,800200.0,2.321177651388399,-1.9561726329876263,2.215456674473075,2.5242556038808974,0.5352960856473742,-0.6222816995650836,0
20050201,0.1340482573726513,811700.0,2.2855227882037368,-1.7121313672922351,2.4731903485254914,2.188337801608587,0.4792225201072528,-0.3016085790884714,0
20050202,0.0,673000.0,2.8881756756756296,-0.8408783783784111,3.382432432432423,2.6351351351351386,0.9020270270270251,0.547297297297294,0
20050203,-0.4683840749414539,943800.0,1.6689528270324316,-1.718969555035152,2.428905988624967,1.349949815991986,-0.23084643693543866,-0.21411843425894966,0
20050204,-0.03412969283276984,975900.0,3.487372013651837,0.3197952218429614,4.515358361774745,3.078498293515374,1.4163822525597118,1.3788395904436737,0
20050207,-0.4424778761061913,663500.0,2.9668141592920074,0.1038121170864291,4.258679373723624,2.423417290673939,0.9292035398230079,0.755616065350571,0
20050208,0.4105371193978823,1127300.0,3.2540198426273954,0.6459117345192826,4.792336640437908,2.677044132740356,1.3171399247348667,0.8552856654122476,0
20050209,0.10384215991693022,1185900.0,4.225164416753175,1.802353755624752,6.005538248528901,3.4977500865351465,2.2845275181723785,1.550709588092767,0
20050210,-0.4572634540977805,1338400.0,5.656524797748826,3.3928948294055226,7.676398170946175,4.781920506507226,3.5385156524797754,2.1667252901864216,1
20050211,3.450729277837065,4770400.0,6.607257203842019,4.516897901102786,8.839558875844896,5.581643543223062,4.076840981856993,2.483102098897204,1
20050214,-0.09756097560975979,1769300.0,-2.7382113821138403,-4.4263414634146585,-0.3947967479674954,-3.427642276422748,-4.578861788617878,-5.424390243902437,0
20050215,-0.03316749585405642,1090900.0,-0.9145936981758067,-2.4995024875622205,1.6451077943615098,-1.5655058043117553,-2.577114427860688,-2.932006633499172,0
20050216,-0.16627868307283244,1175200.0,-0.7429331559694454,-2.212171599600974,1.9567675424010407,-1.418357166611243,-2.1616228799468096,-1.888925839707354,0
20050217,-0.06743088334457037,727800.0,0.5311867835468183,-0.8614295347269455,3.3823331085636967,-0.17194875252865266,-0.886716115981113,0.29669588671611924,1
20050218,0.20290835306052998,875200.0,0.7348664186675258,-0.5542779844437348,3.7138992221846174,-0.0016909029421791932,-0.4937436591139695,1.5894487656408602,1
20050222,2.8380634390651136,2480400.0,-0.6439065108514546,-1.79632721202007,2.428714524206986,-1.278797996661099,-1.5659432387312107,-0.2337228714524098,1
20050223,0.5162955792191034,1277600.0,-4.053081639238494,-5.05840593739918,-0.9448209099709689,-4.369151339141645,-4.301387544369146,-3.0396902226524807,1
20050224,0.0,808700.0,-5.516057233704338,-6.383147853736134,-2.3542130365660037,-5.464228934817166,-4.887122416534178,-3.580286168521455,1
20050225,0.7918910357934748,1851100.0,-5.917484954070353,-6.676591700981982,-2.688628444726042,-5.5068102629078295,-4.254038644282558,-2.7367754197022514,0
20050228,-0.0931966449207864,926900.0,-7.778347312830104,-8.396707051879487,-4.524386455420956,-6.9726623174899,-4.830692761727244,-2.9822926374650542,0
20050301,0.03151591553734009,1511900.0,-6.4911755436495815,-6.984242042231363,-3.157264418531379,-5.334068704695857,-3.142136779073443,-0.4538291837377824,0
20050302,-1.8987341772151944,1197900.0,-6.176740506329148,-6.5066455696202885,-2.832911392405094,-4.666139240506337,-2.2848101265822938,0.3417721518987246,1
20050303,0.19292604501607305,846400.0,-4.757395498392328,-4.899678456591678,-1.3176848874598432,-2.8922829581993788,-0.3826366559485523,1.7299035369774813,1
20050304,0.48076923076923767,602300.0,-5.141025641025684,-5.098397435897464,-1.6839743589743854,-2.993589743589747,-0.20833333333333745,1.1666666666666692,1
20050307,0.0,731000.0,-6.034795042898051,-5.789323164919014,-2.544645694312062,-3.481093104544026,-0.4607562758182495,-0.15888147442008488,1
20050308,-0.0623052959501655,1766600.0,-7.946573208722787,-7.488161993769528,-4.451713395638646,-4.951713395638643,-1.7445482866043682,-1.8878504672897245,0
20050309,-0.12414649286157402,713100.0,-8.348386095592856,-7.6765983860956535,-4.813159528243346,-4.8417132216014975,-1.7287399130974508,-1.8684047175667189,0
20050310,0.5337519623233963,1120000.0,-7.348822605965536,-6.448351648351712,-3.7243328100471276,-3.2715855572998698,-0.4615384615384902,-0.2574568288854249,0
20050311,0.4081632653061193,638000.0,-7.4156985871272205,-6.299215070643707,-3.7488226059654934,-2.734693877551016,-0.3736263736263729,0.15070643642072784,0
20050314,0.2531645569620199,713200.0,-6.752689873417774,-5.411708860759563,-3.050632911392423,-1.4129746835443049,0.22784810126583144,1.0253164556961962,0
20050315,0.3787878787878819,782800.0,-7.070075757575799,-5.489583333333379,-3.3895202020202313,-1.5151515151515165,-0.04103535353534762,0.5050505050504942,0
20050316,0.0,507800.0,-6.747305009511765,-4.910272669625929,-3.0450221940393374,-0.8576410906784873,0.3836398224476925,0.5199746353836332,0
20050317,-0.2866242038216556,648400.0,-6.4272292993630975,-4.326751592356741,-2.6420382165605183,-0.2038216560509443,0.9267515923566777,0.6815286624203778,1
20050318,0.5141388174807203,935000.0,-5.683161953727561,-3.3091259640103337,-1.7982005141388164,0.9286632390745777,1.8091259640102904,1.1182519280205623,1
20050321,0.0,769600.0,-7.318584070796516,-4.695006321112567,-3.3798988621997523,-0.40297092288239766,0.1896333754740794,-0.5183312262958327,1
20050322,0.03136762860728219,751700.0,-8.087672521957396,-5.214868255959888,-4.088456712672522,-0.8500627352571837,-0.6336260978670067,-1.141781681304896,0
20050323,-0.44039005976722423,528300.0,-7.908619062598338,-4.786410821012929,-3.7558980811575937,-0.44353570305124607,-0.48757470902798866,-0.7046240956275454,0
20050324,0.06273525721455324,493800.0,-8.253293601003792,-4.933500627352586,-3.980552070263472,-0.6571518193224211,-0.7590966122960909,-0.6838143036386448,0
20050328,-1.8366054464851118,1429700.0,-7.462001266624481,-3.9164027865738,-3.0094996833438836,0.2881570614313003,0.09816339455352237,0.5509816339455336,0
20050329,0.06493506493506354,660100.0,-5.203084415584464,-1.3766233766234095,-0.5220779220779049,2.602272727272753,2.3733766233766174,2.551948051948033,1
20050330,0.0,516100.0,-4.754325824355267,-0.7224942866471108,0.04440091413649162,2.992164544564185,2.598759386222656,2.3049298073783744,1
20050331,-0.12886597938144057,630200.0,-6.072970360824788,-1.9252577319587856,-1.2429123711339853,1.5415592783505512,1.082474226804119,0.47036082474227064,0
20050401,0.8135372600065083,895700.0,-5.187927107061557,-0.8226488773186177,-0.24861698665798754,2.5056947608200675,1.8841522941750635,0.735437683045869,0
20050404,0.16366612111293194,939000.0,-4.704255319148991,-0.14500818330606655,0.35220949263506424,3.003273322422283,2.297872340425526,0.6546644844517162,1
20050405,0.991735537190085,1344500.0,-3.8375206611570714,0.9279338842974956,1.340165289256246,3.823140495867784,2.8528925619834693,1.2892561983470976,1
20050406,-0.5959849435382614,699600.0,-8.80254077791723,-4.1072772898369,-3.723337515683774,-1.5197616060225643,-2.4058971141781664,-3.105395232120458,0
20050407,0.5460970125281134,627600.0,-6.664953421137223,-1.7137809187279383,-1.3061355605524678,0.677802762608423,-0.2666238355284355,-0.713138451654357,1
20050408,0.03166561114630007,715200.0,-8.039582013932908,-3.0253324889170616,-2.583280557314721,-0.799556681443956,-1.782773907536423,-1.589613679544023,0
20050411,0.41009463722397166,583900.0,-8.415615141955897,-3.300946372239765,-2.817665615141912,-1.1987381703470001,-2.116719242902195,-1.2365930599369068,0
20050412,0.0959385992964539,906000.0,-7.179884873680908,-1.8851934761752738,-1.3943076431083878,0.10713143588101369,-0.6204029421170422,0.7739047009913683,1
20050413,0.09541984732823658,480200.0,-7.695133587786321,-2.32633587786262,-1.828880407124657,-0.47232824427480447,-0.900127226463097,-0.050890585241735974,0
20050414,0.095632770162568,434500.0,-7.427478482626787,-2.0184890022314725,-1.5122728721708387,-0.27733503347145744,-0.573796620975442,0.32515141855275836,0
20050415,-0.4142766093052868,642900.0,-7.386073932441114,-1.956022944550696,-1.430210325047774,-0.31230082855321534,-0.3983428935627675,0.16571064372211472,0
20050418,0.16270745200130396,920100.0,-5.365440937194997,0.16921575008131776,0.7094044907256983,1.732834363813859,1.767002928734122,1.653107712333222,0
20050419,0.1315356790529403,596900.0,-4.310588622163839,1.2712923380466647,1.8421571851364857,2.6011180532719513,2.8904965471884174,2.157185136468275,0
20050420,0.0,734700.0,-4.535081967213181,1.0226229508196416,1.6150819672131247,2.0721311475409765,2.134426229508196,1.2393442622950708,0
20050421,-0.4317502490866789,588100.0,-3.2353038857523178,2.3596811690468034,2.9897044171371694,3.11524410494853,3.1185652607107275,1.7137163732979017,1
20050422,-0.4283360790774384,819400.0,-3.9280065897858956,1.5887973640856399,2.2714991762767567,2.047775947281705,1.8978583196046026,0.23064250411860537,0
20050425,0.29860650298606456,622000.0,-3.1831453218315193,2.33244857332446,3.097544790975419,2.5199071001990565,2.090245520902452,0.5374917053749139,0
20050426,-0.0665114732291306,867500.0,-2.8806119055537764,2.60658463584967,3.467908214166919,2.6371799135350584,1.928832723644823,0.5453940804788875,0
20050427,0.03346720214190617,643900.0,-2.1869143239625863,3.2864792503346703,4.067603748326612,3.1643239625167183,2.05488621151272,0.7697456492637349,1
20050428,0.0,882600.0,-1.7529392005375157,3.6845817937520926,4.426603963721827,3.3322136378904728,1.894524689284503,0.9136714813570778,1
20050429,0.13351134846461665,1327500.0,-2.306742323097542,3.044058744993321,3.7570093457943523,2.548397863818402,0.7743658210947907,0.01335113484645455,1
20050502,0.300200133422281,1195100.0,-2.3098732488326346,2.9939959973315564,3.7091394262841484,2.384923282188125,0.4569713142094745,-0.16010673782522286,1
20050503,0.23186485591255473,1112800.0,-2.9201722424644703,2.3063928453130202,3.0288174892348123,1.6628022524014536,-0.31467373302418816,-0.7750910897648287,1
20050504,0.09927200529451072,2413100.0,-2.9467240238253383,2.228987425546021,2.944407677035068,1.2872270019854732,-0.5062872270019811,-0.6485771012574386,0
20050505,0.19665683382497123,1336500.0,-3.797115699770625,1.2740085217961443,1.9344477220583163,0.22287774500166666,-1.320878400524402,-1.1078334972140196,0
20050506,-1.5724322515891564,2513000.0,-1.7320173971228474,3.3432586149213837,3.944463031114056,2.019069923051201,0.5720976915356285,0.8966209434593413,0
20050509,-0.034118048447622014,1548000.0,0.2755032412145726,5.330945069942036,5.84715114295462,3.6301603548277286,2.2790856363016134,2.4360286591607037,1
20050510,0.10298661174047764,1469100.0,0.9596635770682671,5.898043254376942,6.291108822519736,3.9031925849639806,2.588396841743899,2.341228973566777,1
20050511,0.2381762504253157,1160400.0,0.1384824770329597,4.8724055801293025,5.191561755699194,2.6352500850629337,1.5141204491323468,0.8710445729839968,1
20050512,-2.1262234222072194,512900.0,-0.5975362807965423,3.9169760377995475,4.206547418157277,1.5102936213297269,0.6446169422882179,-0.5399932500843745,1
20050513,0.30374620317245987,897500.0,-0.517043536955842,3.842726965912951,4.107323658454278,1.2149848126898515,0.5332433344583355,-0.7154910563617947,1
20050516,0.23761031907671512,658500.0,0.12423625254577648,4.356415478615084,4.589952477936172,1.5835030549897922,0.9368635437881747,-0.04073319755600969,1
20050517,0.033602150537627724,680600.0,-0.8086357526882273,3.237903225806462,3.4206989247311728,0.4502688172042783,-0.22513440860217498,-0.6249999999999998,1
20050518,0.06648936170213805,729100.0,-1.7752659574468639,2.0754654255319323,2.1861702127659646,-0.6881648936170119,-1.3331117021276708,-1.2234042553191442,1
20050519,0.42890135268889,1056900.0,-2.4660178159023913,1.234905971626543,1.2847245133619334,-1.4087759815242482,-2.1478060046189373,-1.524249422632782,0
20050520,-0.09826400262037713,1076200.0,-3.1102194562725605,0.4533245987553367,0.4683917458237821,-2.0897477890599347,-2.64330167048804,-1.6442843105142446,0
20050523,0.33322225924691057,920200.0,-1.3718760413195947,2.1196267910696753,2.0866377874042246,-0.4148617127624164,-0.723092302565819,0.4265244918360432,1
20050524,0.32948929159801604,785500.0,-2.408072487644199,0.9014827018122205,0.8606260296540555,-1.4843492586491112,-1.4332784184514078,-0.3097199341021456,0
20050525,-0.7299270072992663,1082800.0,-1.6600862641008893,1.503981420039857,1.4611811546118363,-0.754810882548106,-0.4976775049767703,0.42468480424684835,1
20050526,0.06740815638692138,754500.0,-0.04213009774188424,3.0040444893832428,2.9423660262891964,0.8004718570946988,1.092012133468119,1.5840916750926703,1
20050527,-0.06642311524410353,488100.0,-1.4558286283627049,1.4407173696446767,1.352374626369999,-0.6476253736300241,-0.22583859182997326,-0.17934241115907834,0
20050531,-0.49554013875123415,472600.0,-1.9309547406673695,0.8599273207796762,0.7604889329369363,-1.124876114965308,-0.4856293359762207,-0.5351833498513465,1
20050601,-0.266666666666661,451700.0,-1.0033333333333754,1.7300000000000184,1.5580000000000283,-0.2666666666666728,0.4899999999999949,0.12666666666666754,1
20050602,-0.5271828665568373,911700.0,-2.1008237232290505,0.5163097199341162,0.2859967051070847,-1.3953871499176531,-0.5799011532125269,-0.8896210873146608,1
20050603,-0.3613666228646616,716300.0,-2.3396846254928287,0.2066360052562504,-0.09921156373192219,-1.6984231274638848,-0.8311432325886995,-0.6767411300919827,0
20050606,-0.16485328058027418,528000.0,-1.9390042861853327,0.5436861193538083,0.16089680184638003,-1.2693702604681767,-0.5374216946917135,-0.1714474118034819,1
20050607,-0.09887936717205385,604100.0,-1.927323665128589,0.5003295978906018,0.04614370468032302,-1.132168754119958,-0.4614370468028789,-0.15820698747527445,1
20050608,0.5245901639344267,488400.0,-2.4011475409836542,-0.020983606557363088,-0.4983606557376733,-1.4262295081967054,-0.9344262295081855,-0.3540983606557278,0
20050609,-0.19691499835903747,509600.0,-2.2637020019692087,0.0794223826714816,-0.41089596324250877,-1.1519527404003909,-0.7285854939284468,-0.17722349852312091,1
20050610,-0.03284072249588838,430400.0,-2.154351395730749,0.14318555008210646,-0.38423645320195,-0.9523809523809379,-0.40722495894909294,-0.10509031198686379,1
20050613,0.032320620555908244,537000.0,-3.653846153846193,-1.4369747899159817,-1.9482870071105316,-2.3093083387201068,-1.7162249515191,-1.292824822236594,1
20050614,-0.25657472738934667,368400.0,-4.33723540731243,-2.169018601667751,-2.6626042334829836,-2.7854393842206457,-2.1808851828094693,-1.513790891597159,1
20050615,0.06424670735624662,388900.0,-4.13331191776426,-1.9871506585287642,-2.44972695149371,-2.4092515258592884,-1.660777385158986,-0.9508512688724569,1
20050616,0.7374158384097481,301500.0,-4.256973388906741,-2.137544084642532,-2.681628727156143,-2.4190445655658985,-1.5806348188522144,-0.6797050336646466,0
20050617,0.7329509241555144,860600.0,-4.775653282345488,-2.673677501593401,-3.254939451880167,-2.8393881453154934,-1.8769917144678212,-0.6883365200764854,0
20050620,-0.4542504866969519,616300.0,-2.994321868916347,-0.8637248539909423,-1.5463984425697523,-1.0269305645684779,0.06489292667096842,1.0382868267358751,1
20050621,0.2881844380403454,520300.0,-4.21069484470067,-2.1120717259046278,-2.8690361831572346,-2.130963816842807,-0.9638168427793964,-0.25616394492475775,0
20050622,0.4838709677419309,294100.0,-3.4419354838710254,-1.3506451612903607,-2.165806451612898,-1.3000000000000071,-0.067741935483885,0.40000000000000757,0
20050623,0.19442644199611886,485100.0,-2.9547958522359425,-0.8716785482825956,-1.759559300064818,-0.7355800388853124,0.5119896305897643,0.6416072585871692,0
20050624,-0.9366925064599456,532900.0,-3.211724806201598,-1.1556847545220015,-2.1033591731266013,-0.8478682170542727,0.3520671834625265,0.04521963824289195,0
20050627,0.5915215248110408,685200.0,-1.476174827472939,0.5931646401576993,-0.4607295432139223,0.931646401577391,1.9323036477160729,1.531383503121911,0
20050628,0.3022162525184683,595700.0,0.714573539288058,2.7850906648757183,1.648085963734062,3.0523841504365308,3.6870382807253037,2.773673606447282,1
20050629,0.29900332225913573,399500.0,-0.31378737541533597,1.7189368770763835,0.5468438538206218,1.9734219269103146,2.242524916943512,1.0830564784053054,0
20050630,-0.033333333333338544,407200.0,0.05683333333330153,2.078666666666642,0.8486666666667021,2.255000000000014,2.186666666666663,0.8466666666666711,0
20050701,0.3377237419790659,357700.0,1.3951367781154655,3.436001350894951,2.1431948665991665,3.461668355285384,2.9348193177980524,1.2630867950016964,0
20050705,-0.5768578215133973,695600.0,1.8729216152018815,3.9470648116728873,2.5687139463862327,3.8072616219884865,2.965727858839518,1.0926365795724557,1
20050706,0.23632680621201987,380500.0,1.3499324780553343,3.4608372721134426,2.014179608372777,3.1600270087778646,1.9007427413909601,0.47265361242403975,0
20050707,-0.4405286343612421,913000.0,1.7261945103354412,3.893934259573016,2.356489325652379,3.376821416469009,1.7756692646560397,0.44730599796677173,1
20050708,0.2043596730245309,751000.0,2.2379087193460308,4.377384196185285,2.844005449591332,3.715940054495929,1.7847411444141599,0.5245231607629425,1
20050711,0.6418918918918842,685100.0,1.41233108108106,3.5124999999999873,1.9986486486486956,2.7314189189189264,0.4999999999999989,-0.29729729729730053,0
20050712,-0.4051316677920357,727900.0,1.3504388926400912,3.4274139095205705,1.9068197164078742,2.4392302498312195,0.1586765698852387,-0.26333558406481905,1
20050713,0.6421088205474865,602400.0,1.4515038864481153,3.5299087529570774,1.983778303480941,2.274417032781363,0.19601216627240076,-0.18249408583980567,1
20050714,0.47313281514025196,393600.0,1.4545454545454504,3.5305846569787054,1.9432240621832155,2.014193984454232,0.023656640757005395,-0.12842176410949732,1
20050715,-0.1665556295802822,354600.0,0.01232511658895932,2.0499666888740875,0.46968687541643056,0.3580946035976191,-1.4023984010659538,-1.1192538307794635,0
20050718,0.1338688085676128,552900.0,0.47975234270416733,2.4909638554216955,0.8982597054886798,0.5773092369478012,-0.8500669344042884,-0.46854082998661506,0
20050719,0.1014884979702339,551000.0,1.5695196211096214,3.5365358592692853,1.9682002706360349,1.4529769959404633,0.25372124492557274,0.5683355886332857,1
20050720,-0.1345442314160752,555400.0,0.9909182643794116,2.8826101580894696,1.413387151025928,0.6205852674066475,-0.2825428859737746,0.08745375042045005,0
20050721,-0.36987222595830344,657600.0,0.9576328177538689,2.765635507733686,1.4203093476799151,0.3749159381304862,-0.23873570948216008,0.15467383994621026,0
20050722,0.13477088948786775,408900.0,1.1723382749326174,2.9043126684636063,1.6448787061994818,0.3790431266846385,0.07075471698114673,0.12803234501347796,0
20050725,-0.10124873439081197,896600.0,1.3604454944313025,3.011474856564277,1.816402294971324,0.3239959500506247,0.24974687816402844,0.12824839689503967,1
20050726,0.3063308373042882,767100.0,2.2486385296119704,3.829475833900612,2.6657590197413112,0.9989788972089914,1.0211027910142858,0.8577263444520044,1
20050727,0.5308560053085605,738800.0,-0.29230258792307545,1.17617783676176,0.12209688122094357,-1.488055739880555,-1.3437292634373081,-1.4134041141340477,1
20050728,3.538663171690701,2409300.0,-1.485747051114059,-0.11467889908256927,-1.0747051114023805,-2.645806028833555,-2.2673656618610867,-2.129750982961999,1
20050729,0.3078817733990192,2063000.0,-7.350523399014805,-6.13054187192117,-6.896551724137938,-8.138854679802945,-7.407635467980282,-6.3115763546797945,1
20050801,1.0176593834181484,1747000.0,-9.836426219694731,-8.707871894642308,-9.302604010775209,-10.127207422927262,-8.928464531577363,-6.656689613888059,0
20050802,0.11876484560569818,804200.0,-10.458432304038029,-9.38539192399048,-9.84263657957243,-10.222684085510684,-8.435273159144876,-4.851543942992854,1
20050803,0.17783046828688548,1139200.0,-10.519264967397786,-9.490515708358014,-9.781861292234725,-9.771784232365146,-7.409602845287493,-2.886781268523997,0
20050804,-0.17615971814445763,608800.0,-11.256018790369955,-10.268643570170262,-10.411626541397508,-9.951556077510268,-7.011156782149143,-1.7204932472108,0
20050805,0.1478852410529345,956400.0,-10.492901508429492,-9.542147293700062,-9.532091097308475,-8.627624963028673,-5.102040816326534,-0.20703933747412093,1
20050808,0.47281323877067544,894500.0,-10.463800236406668,-9.554373522458608,-9.365839243498817,-8.082151300236394,-3.9420803782506,-0.04137115839242255,1
20050809,0.05865102639295021,836600.0,-11.033431085044027,-10.164809384164194,-9.822873900293251,-8.12609970674487,-3.2903225806451815,-0.5571847507331311,1
20050810,0.5773672055427334,1393300.0,-12.299076212471174,-11.463625866050778,-10.976327944572734,-8.82938799076213,-3.4988452655889035,-1.587759815242486,1
20050811,-0.14322543683757422,943000.0,-12.838441707247238,-12.05471211687192,-11.383557719851026,-8.772558006301919,-2.9876826124319456,-1.8619306788885464,0
20050812,0.1141226818830421,1094600.0,-13.051497860199731,-12.315549215406525,-11.469329529243906,-8.419400855920117,-2.641940085591997,-1.5463623395149833,0
20050815,-0.4310344827586166,743500.0,-12.31048850574714,-11.599137931034454,-10.582758620689637,-7.054597701149441,-1.5431034482758594,-0.28735632183908455,1
20050816,-0.05720823798627897,627100.0,-12.612271167048087,-11.915617848970244,-10.72711670480548,-6.7076659038901765,-1.6275743707093897,-0.25171624713961116,0
20050817,-0.11507479861909997,923500.0,-12.011939010356748,-11.31731875719215,-9.9591484464902,-5.44735327963177,-0.7681242807824968,0.39125431530495625,0
20050818,0.08670520231214202,871700.0,-11.50274566473991,-10.797398843930628,-9.305780346820796,-4.307803468208085,-0.15317919075141667,0.6763005780346871,1
20050819,0.31718569780853356,1003200.0,-11.601355247981559,-10.886389850057652,-9.272202998846584,-3.8076701268742665,-0.1326412918108402,0.23068050749713206,1
20050822,1.3996001142530763,1287200.0,-12.329762924878615,-11.612967723507559,-9.86689517280777,-3.946015424164532,-0.7397886318194812,-0.5941159668666051,0
20050823,-0.19618834080717568,972400.0,-13.857903587443971,-13.133968609865471,-11.293721973094186,-4.866872197309416,-2.1608744394618657,-2.0571748878923817,0
20050824,0.22955523672883296,1177700.0,-11.703730272596873,-10.941750358680052,-8.970444763271185,-1.9253945480631462,0.2295552367288126,0.327116212338586,1
20050825,-0.11448196908986591,381000.0,-11.828277046365207,-11.036920435031465,-8.986834573554697,-1.5455065827132204,-0.020034344590720943,0.26330852890669365,0
20050826,-0.3414911781445573,782900.0,-12.226949345475292,-11.450483779169053,-9.280022766078591,-1.7273762094479408,-0.5634604439385327,-0.045532157085936935,0
20050829,0.17301038062284393,916500.0,-10.9741926182238,-10.173587081891586,-7.88638985005772,-0.24077277970011765,0.7208765859284686,1.089965397923876,0
20050830,-0.3150959610426796,1232700.0,-11.472787167000883,-10.670008593526195,-8.258951589802377,-0.7218562016614017,0.042967631051276337,-0.017187052420490182,0
20050831,-0.34904013961606906,1176700.0,-10.02690517742879,-9.214950552646894,-6.661431064572483,0.9016870273414634,1.4746945898778503,1.2507271669575326,1
20050901,0.46430644225187634,912300.0,-10.150464306442313,-9.33313987231573,-6.677307022634986,0.7254788160185722,1.1984910040626717,0.737086477074863,0
20050902,-2.204176334106723,1092200.0,-10.117749419953654,-9.2975638051044,-6.521461716937385,0.7642111368909528,1.0817865429234474,0.2958236658932827,1
20050906,0.32534753031647273,1187500.0,-8.258799171842726,-7.427979887607202,-4.500443655723198,2.7565808932268414,2.7299615498373315,1.768707482993194,1
20050907,-0.37431615318167427,912700.0,-10.598473941837058,-9.783760437661924,-6.782608695652181,0.12525194356464628,-0.2649006622516521,-1.0308090987618688,1
20050908,-0.3451251078516092,715700.0,-10.620506183491567,-9.771354616048308,-6.602818521714162,0.028760425654273523,-0.40264595916021756,-0.9203336209375906,1
20050909,0.11504170261719628,1063600.0,-10.536813344837546,-9.645959160195558,-6.334196146102995,0.008628127696269796,-0.4515386827725153,-0.7420189818809394,1
20050912,0.08368200836820401,1074400.0,-13.135983263598378,-12.218688981868903,-8.829567642956798,-2.892608089260806,-3.252440725244083,-2.9679218967921894,0
20050913,-0.14204545454546666,813300.0,-11.447443181818217,-10.453125000000002,-6.828409090909103,-1.042613636363649,-1.3181818181818141,-0.3863636363636241,0
20050914,0.0861079219288003,550700.0,-10.451205510907046,-9.398966704936862,-5.557405281285897,-0.0373134328358359,-0.3185993111366366,0.7060849598163094,1
20050915,-0.2866972477064261,653600.0,-10.47047018348627,-9.366972477064216,-5.364105504587162,-0.13474770642203024,-0.2895642201834836,0.6536697247706466,1
20050916,0.2265005662514108,791300.0,-11.496177802944525,-10.347395243488105,-6.21404303510759,-1.276896942242357,-1.2882219705549214,-0.28878822197054577,0
20050919,0.05621135469365691,387100.0,-12.051292861157961,-10.84232715008431,-6.549747048903871,-1.8718381112984734,-1.7003934794828468,-1.1691961776278719,0
20050920,0.37227949599082316,518600.0,-10.30827605956474,-9.009736540664376,-4.47880870561285,-0.030068728522358253,0.4753722794959817,0.5383734249713495,1
20050921,-0.31718569780853356,1276500.0,-9.612168396770485,-8.243944636678206,-3.5259515570934243,0.5175893886966474,1.156286043829306,1.1418685121107288,1
20050922,0.05689900426743422,746000.0,-10.739260312944527,-9.323755334281632,-4.499573257467979,-0.7837837837837865,-0.08819345661450585,-0.05689900426743422,0
20050923,0.028826751225151673,409600.0,-9.478235802825024,-7.991640242144705,-2.9391755549149527,0.49582012107234663,1.213606226578263,0.9051599884692998,0
20050926,0.7792207792207883,511500.0,-9.299278499278492,-7.757575757575744,-2.5598845598845408,0.5411255411255412,0.9841269841269873,0.48484848484850324,1
20050927,2.312138728323691,923700.0,-9.101734104046244,-7.506069364161842,-2.1462427745664625,0.6748554913294574,0.9566473988439189,0.44508670520232213,0
20050928,0.5970998009667353,1020800.0,-10.513221495592829,-8.854990048336632,-3.413136195621253,-0.919818026727312,-0.5857264714245182,-0.904179698606761,1
20050929,-0.08469791078487052,756300.0,-11.082298136645967,-9.325804630152447,-3.7735742518351127,-1.4723320158102855,-1.1349520045172248,-1.451157538114068,1
20050930,0.2530933633295734,1419500.0,-11.376265466816639,-9.501968503936991,-3.8250843644544403,-1.705568053993262,-1.4566929133858286,-1.3498312710911247,1
20051003,-0.5734571272528697,883800.0,-13.878481703986875,-11.924085199344598,-6.229929000546125,-4.258601856908774,-4.025122883670116,-3.1294374658656303,1
20051004,-0.08221430528912342,959500.0,-13.520690600164434,-11.42230748150176,-5.519868457111524,-3.5502877500685233,-3.252946012606206,-1.7484242258153062,0
20051005,0.1643385373870235,1059700.0,-13.503971514653507,-11.282388386743337,-5.181046288688022,-3.359353601752929,-2.804711038071744,-1.0682004930155944,0
20051006,0.027480076944209977,878500.0,-13.158147842813944,-10.799395438307197,-4.524869469634513,-2.818081890629277,-2.1434460016488077,-0.20884858477601925,0
20051007,-0.47366954583449905,907000.0,-11.890498746168825,-9.385901365282772,-2.8955140707717857,-1.3081638339370003,-0.4458066313736322,1.3652828085817832,0
20051010,-0.28169014084507443,685000.0,-10.873380281690103,-8.237746478873195,-1.6585915492957521,-0.27323943661970196,0.8873239436619854,1.8478873239436584,0
20051011,-0.08561643835616763,690300.0,-9.6643835616438,-6.898116438356118,-0.2745433789954226,1.01312785388129,2.337328767123295,2.357305936073061,0
20051012,-0.05780346820810152,763300.0,-8.47976878612715,-5.596531791907471,1.0468208092485796,2.263005780346824,3.4739884393063734,2.5549132947976885,0
20051013,-0.6924408540103719,770000.0,-8.603289094056517,-5.625793421811845,0.9249855741488922,2.0542412002308232,3.0755914598961414,1.3791113675706912,1
20051014,0.554906542056068,947100.0,-7.458235981308397,-4.354556074766333,2.173481308411233,3.148364485981296,3.954439252336446,1.6588785046728907,1
20051017,-0.2595904239977023,508500.0,-8.584366887799257,-5.410152869916339,0.955869627920419,1.7378136717623074,2.1026824343812867,-0.08076146524374328,1
20051018,-0.057191878753205666,746600.0,-9.338575922219032,-6.070060051472655,0.1544180726337122,0.8721761509865591,0.7921075207320589,-0.9779811266800079,1
20051019,-0.6528526823729688,1057900.0,-9.959835367584432,-6.6179392563156165,-0.5205790519443423,0.20579051944365034,-0.31507238149305766,-1.351121203519725,1
20051020,0.30977189524077564,885700.0,-10.615038017459865,-7.206702337369737,-1.2559842297943984,-0.5336524922557095,-1.348915798366655,-1.650239369191773,0
20051021,0.3112620260328223,788500.0,-10.125495189586871,-6.609224674589707,-0.7566496887379597,0.036785512167490146,-1.029994340690448,-0.5546123372948843,1
20051024,0.5662514156285471,836200.0,-10.021659116647786,-6.415628539071343,-0.6851642129105248,0.18827859569648295,-1.024915062287661,-0.13023782559458233,1
20051025,0.11163829193413102,774800.0,-11.232486742952833,-7.597264861847607,-2.0413061680156117,-1.066145687970968,-2.213229137594193,-1.0717276025676818,0
20051026,0.3366058906030983,921100.0,-10.720897615708264,-6.981486676016833,-1.5079943899018167,-0.4992987377279225,-1.424964936886403,-0.3366058906030983,0
20051027,0.28169014084507443,603200.0,-10.275352112676043,-6.443098591549301,-1.0501408450703968,-0.06760563380277942,-0.7718309859154755,0.07887323943663606,0
20051028,-1.5086820381440396,1504700.0,-9.261884429262745,-5.325932251636804,0.02220324508967588,0.9237119271278121,0.5266154284087738,1.0133788784514706,0
20051031,1.0591350397175623,949400.0,-6.16593115622241,-2.047072668431887,3.3362753751103273,3.921741688731975,3.698146513680488,3.6187113857016886,1
20051101,0.11584129742252866,836500.0,-7.575152041702858,-3.4607587604981185,1.6924413553431863,2.012742542716479,1.9490298291340709,1.2452939472922089,1
20051102,0.0,1243400.0,-8.076568796776044,-3.9349453080022947,1.0236039147956524,1.1413356361542777,1.191709844559569,0.10938399539436904,0
20051103,-1.3233601841196803,2271700.0,-8.066024165707693,-3.8872266973532756,0.9602991944764407,0.8486766398158648,0.917721518987329,-0.37399309551206983,0
20051104,1.341054556537634,1243800.0,-2.5647668393782164,1.8762572386467558,6.830844254800385,6.373056994818634,6.144468149954276,4.132886315147825,0
20051107,-2.400960384153653,1343100.0,-4.006302521008386,0.3808523409363719,5.086434573829555,4.41776710684272,3.919567827130823,2.136854741896747,1
20051108,0.09171507184347642,718500.0,-2.1687557321919537,2.2934882298991335,6.925710791806808,6.008865790278199,4.903699174564351,2.928767960868231,1
20051109,-0.030395136778109455,942700.0,-2.682674772036442,1.76595744680852,6.186018237082077,5.138297872340426,3.462006079027365,1.2158054711246158,1
20051110,-0.18264840182649092,799100.0,-2.484627092846234,1.9701674277016679,6.254490106544902,5.022831050228306,2.8127853881278524,0.20700152207000863,1
20051111,-0.393105533716367,385300.0,-3.085576050801294,1.3543997580888933,5.463562140913201,4.1472633807075825,1.505896583005738,-0.30238887208951143,0
20051114,-0.12154360376784915,699100.0,-2.568520206624067,1.9094500151929699,5.88088726830751,4.386204800972371,1.6712245518079742,-0.06684898207231378,0
20051115,-0.24449877750610727,792800.0,-1.9587408312958063,2.5550122249388707,6.429095354523227,4.648533007334966,1.7084352078239533,0.5195599022004943,0
20051116,0.21393643031784926,350300.0,-1.911063569682117,2.6249999999999956,6.306234718826411,4.264975550122267,1.091075794621025,0.40953545232273947,0
20051117,-0.2162496138399762,502900.0,-0.812171763978955,3.814643188137164,7.3073833796725625,4.907321594068593,1.4457831325301314,1.1986407167130002,1
20051118,0.030497102775230288,947200.0,-2.0294297041780593,2.566941140591653,5.812137846904564,3.1747483989021164,0.14028667276608534,-0.2683745044220828,1
20051121,-0.1192605843768609,471800.0,-4.158169350029769,0.3789505068574796,3.3082886106142144,0.602265951103155,-2.033392963625549,-2.122838401908179,0
20051122,-0.33023116181326756,530100.0,-3.435154608225735,1.1831281897327965,3.9081356949865116,0.9186430501350866,-1.1768237766436596,-1.0927649354548312,1
20051123,0.23980815347721313,436200.0,-3.5128896882493814,1.1480815347721691,3.6636690647482255,0.4241606714628316,-1.1870503597122113,-0.8573141486810593,1
20051125,-0.059311981020154274,270200.0,-4.464561091340419,0.1897983392645316,2.488137603795984,-0.9119217081850669,-1.9839857651245671,-1.1150652431791153,0
20051128,0.5621301775148072,798200.0,-4.6065088757396095,0.07958579881656126,2.1556213017751693,-1.3431952662721913,-1.9999999999999847,-0.7514792899408219,0
20051129,0.02998500749624591,806300.0,-3.2803598200899162,1.5496251874062645,3.4002998500749846,-0.10794602698651083,-0.5457271364317693,0.47376311844078334,0
20051130,-0.029744199881017286,809500.0,-4.005502676977959,0.853658536585363,2.4925639500297896,-1.045508625817949,-1.0767400356930243,-0.14872099940508643,0
20051201,0.08992805755396024,856200.0,-3.2080335731414436,1.751798561151086,3.2122302158273706,-0.4811151079136234,-0.11390887290166879,0.6294964028777005,0
20051202,0.27010804321727583,552800.0,-3.036914765906311,1.9858943577430856,3.2262905162065127,-0.5777310924369825,0.2911164465786354,0.5102040816326369,0
20051205,-0.21071643588199968,858900.0,-2.690096327513485,2.4021673690547916,3.448524984948852,-0.21673690547859276,0.7224563515954091,0.4635761589403864,0
20051206,0.3019323671497628,1490300.0,-2.3484299516907545,2.8049516908212406,3.6684782608695974,0.054347826086980036,0.8997584541062857,0.6280193236714928,0
20051207,0.1837109614207051,968400.0,-0.9474892835271799,4.33802816901407,5.009797917942467,1.4559093692590441,2.1218616044090566,1.4574402939375575,1
20051208,0.49276255004620784,1274500.0,-0.3521712349860807,5.038189097628557,5.4579611949492,1.983369263935958,2.4453341546042404,1.502925777640898,1
20051209,-0.45330915684498546,1433600.0,-2.1962828649138144,3.171653067391924,3.3411906920519865,0.1087941976427965,0.3354487760652892,-0.5379268661227088,1
20051212,0.060532687651341184,820600.0,-2.035411622275963,3.4276634382566598,3.3450363196126016,0.2557506053268719,0.2572639225181624,-0.4963680387409246,0
20051213,-0.33102618116159926,616400.0,-2.5729762263014613,2.9431236834186025,2.5501053265122104,-0.2693349383087389,-0.3520914835991494,-0.9990972013241071,1
20051214,0.060459492140275475,609000.0,-2.1088270858524183,3.5142079806529454,2.8089480048367856,0.23730350665053884,-0.06348246674728174,-0.2962515114873004,0
20051215,-0.18012608826179008,765500.0,-2.7515761032722503,2.9174422095466666,1.9069348543980926,-0.3662563794656256,-0.7685379765836091,-0.48033623536476633,0
20051216,-0.09121313469139902,511000.0,-1.4840377014289712,4.315293402249901,2.9954393432654487,0.9851018546670661,0.36789297658863546,0.6688963210702307,0
20051219,0.03047851264857668,727500.0,-1.2234074977140754,4.639439195367237,3.0588235294117605,1.2343797622675832,0.48765620237729185,0.774154221273995,0
20051220,-0.33887861983980105,876400.0,-0.15280345040046514,5.767097966728259,3.9827479975354274,2.1595810227972905,1.3678373382624631,1.386321626617384,1
20051221,0.09276437847864573,581800.0,0.21954236239954283,6.126468769325881,4.201607915893614,2.3886827458255837,1.645021645021634,1.304885590599867,1
20051222,-0.030674846625760768,394400.0,-0.5682515337423202,5.246932515337411,3.2478527607362118,1.455521472392635,0.8742331288343671,0.06134969325154333,1
20051223,0.0,531300.0,-1.3993309002432999,4.3245133819951365,2.2603406326034112,0.46380778588808824,-0.04866180048661264,-0.7968369829683711,0
20051227,0.5507955936352501,526800.0,-0.7793757649938357,4.92074663402695,2.7906976744186234,0.9072827417380932,0.45287637698899397,-0.26927784577723674,1
20051228,0.0,486400.0,-0.8244648318042719,4.822629969418954,2.60733944954127,0.7461773700305803,0.22935779816512458,-0.183486238532117,0
20051229,-0.3939393939394017,351600.0,-1.7039393939393739,3.844242424242422,1.555151515151508,-0.2636363636363521,-0.706060606060597,-0.6909090909090956,0
20051230,-0.6744328632740616,506700.0,-0.5401594114040293,5.008583690987127,2.5781729000613156,0.7847946045371164,0.23911710606988307,0.4782342121397879,1
20060103,0.2768378960320007,918700.0,-0.18225161488770097,5.298369732390046,2.7406951707166973,1.0012303906490472,0.4613964933866459,0.590587511534913,1
20060104,0.1213224143160423,793200.0,-1.5547467394601124,3.77039733090688,1.1634819532908744,-0.4458598726114604,-0.8917197452229207,-0.6369426751592167,0
20060105,-0.4861744150713966,833900.0,-1.3596171376481203,3.894560923731391,1.201458523245221,-0.29626253418412823,-0.574293527803078,-0.3281677301731905,1
20060106,0.21212121212121296,440900.0,-1.6103030303030021,3.5566666666666564,0.7539393939394025,-0.5166666666666575,-0.6454545454545484,-0.6000000000000012,1
20060109,-0.14965579167912949,634700.0,-2.7948219096078697,2.2394492666866124,-0.6165818617180365,-1.5968272972163922,-1.6222687818018395,-1.3469021251122504,1
20060110,0.29797377830749194,1532200.0,-3.199791418355164,1.7467222884385902,-1.176400476758056,-1.9666269368295488,-1.8593563766388628,-1.1620977353992865,1
20060111,-0.8620689655172332,1046100.0,-6.591522988505724,-1.8729885057471307,-4.71666666666666,-5.206896551724111,-4.747126436781612,-3.6321839080459855,0
20060112,0.2341235001463222,539100.0,-4.817529997073452,-0.07872402692423737,-2.9493707930933657,-3.3216271583259904,-2.5607257828504535,-1.117939713198727,0
20060113,-0.08831321754489589,359300.0,-4.2140123638504345,0.4789520164850949,-2.4109508389755745,-2.6214306741241944,-1.7015013246982718,0.03532528701795836,0
20060117,-0.7676409802184766,606800.0,-3.8848538529671948,0.7221730144670543,-2.174195453203435,-2.251254797756114,-1.042220253912021,0.6023029229406573,0
20060118,-0.23823704586062627,383500.0,-3.009678379988062,1.5541989279332369,-1.3996426444312269,-1.3043478260869215,0.13103037522335925,1.4830256104824227,0
20060119,-0.5669949268874895,440100.0,-2.7584303193076387,1.7236645777379367,-1.151894956729343,-0.9937332139659545,0.5013428827215735,0.9250969859743641,1
20060120,0.29967036260114305,865900.0,-2.328139047048219,2.0973928678453477,-0.7341923883728037,-0.442013784836661,1.0608330836080502,0.8690440515432999,0
20060123,-0.05971931919977045,701200.0,-2.642878471185411,1.696028665273188,-1.0432965064198563,-0.6270528515974944,0.8450283666766235,0.22096148103911034,0
20060124,0.0,905200.0,-2.2659574468084624,2.0155828588552676,-0.6592747977225232,-0.15433023673957813,1.1956847467785465,0.28169014084507404,1
20060125,0.0,653600.0,-1.8605595667869692,2.380264741275539,-0.24729241877258534,0.290312876052945,1.4951865222623342,0.469314079422379,1
20060126,0.2686567164179206,581900.0,-2.5889552238805553,1.5570149253731114,-0.9958208955224004,-0.36567164179103034,0.31940298507462483,-0.31641791044774487,0
20060127,-0.05975500448161345,715000.0,-2.471317597848787,1.6178667463399823,-0.8736181655213856,-0.1613385121003733,0.20017926501344538,-0.16731401254854314,0
20060130,-0.14916467780430864,321100.0,-2.584725536992815,1.457637231503553,-0.973747016706485,-0.23269689737471047,-0.08353221957040181,-0.2983293556085961,0
20060131,-0.2391629297459055,903600.0,-2.3499252615844206,1.6316890881912873,-0.7228699551569865,0.10014947683110204,0.0,-0.0418535127055393,0
20060201,-0.18132366273799416,861800.0,-1.2518887881534642,2.686612269567811,0.40072529465089834,1.276820791779992,0.9398609851918791,0.9549712904200526,0
20060202,-1.0244049412473526,1216100.0,-1.5075323892738057,2.329617354624874,0.12232600180774524,1.0048207291352842,0.5393190720096477,0.4639951792708752,0
20060203,-0.1547508511296944,921000.0,1.2030331166822077,5.007118539151929,2.7731352522438457,3.662952646239539,2.949551222531733,2.4822036521201074,0
20060206,-0.062344139650860414,887900.0,1.959320448877885,5.66271820448876,3.433291770573516,4.262780548628428,3.2481296758104787,2.319201995012468,0
20060207,-0.18909549322407412,576400.0,3.105735896627854,6.730223763000283,4.471478096438659,5.148124803025532,3.870154427986149,2.363693665300988,1
20060208,0.3446115288220533,1009800.0,2.519893483709316,6.00219298245612,3.736842105263108,4.26535087719298,2.83834586466165,1.021303258145365,1
20060209,-0.1543686322939091,726300.0,1.0680765668416896,4.373572090151246,2.144489039827067,2.380364309972216,1.003396109910453,-0.9385612843470269,0
20060210,0.06216972334471874,558000.0,1.7948399129624668,4.981349082996555,2.7696611750077436,2.7696611750077658,1.2900217594031458,-0.34815045073047796,0
20060213,-0.21793275217932845,717800.0,1.989881693648886,5.057596513075959,2.8362391033623733,2.6416562889165673,1.0118306351183153,-0.1681195516812019,1
20060214,0.18674136321193638,961000.0,1.9919078742608836,4.945533769063154,2.7276688453158715,2.338935574229692,0.5695611577964513,0.0497976968565149,1
20060215,-0.30778701138812375,719400.0,0.9004309018160264,3.7008310249307175,1.5383194829178004,1.0372422283779505,-0.7294552169898488,-0.7079101261926649,1
20060216,-0.18427518427519124,668500.0,0.7199017199017879,3.412469287469245,1.2794840294839935,0.6741400491400383,-1.1363636363636285,-0.8169533169533114,0
20060217,-1.8763457397723762,3803200.0,0.9100276837896952,3.505690556751718,1.3977237772992916,0.6967087050138465,-0.9227929867732918,-0.4552445401414831,0
20060221,-4.635332252836304,1688900.0,6.345380875202677,8.953646677471589,6.736466774716354,5.687196110210698,4.009724473257704,4.077795786061573,1
20060222,0.20100502512562388,1394600.0,9.907370184254695,12.425460636515876,10.136683417085415,8.638190954773863,6.864321608040198,6.036850921273042,1
20060223,-0.36160420775806373,1652800.0,7.866206443129604,10.154503616042025,7.897435897435898,6.139053254437892,4.368836291913217,2.689020381328066,0
20060224,0.5666666666666723,966700.0,9.390833333333433,11.511333333333292,9.205333333333337,7.041666666666681,5.0333333333333385,2.419999999999997,1
20060227,0.43160690571048804,716700.0,8.967131474103658,10.851261620185888,8.56374501992033,6.059096945551138,3.934262948207167,0.42496679946879184,0
20060228,-0.32948929159802776,927300.0,8.153212520593172,9.808896210873112,7.561120263591441,4.7331136738056205,2.563426688632603,-0.6655683690280005,0
20060301,0.16688918558077673,890800.0,9.566588785046816,11.019692923898498,8.737650200267032,5.5140186915888005,3.17423230974633,0.700934579439267,1
20060302,0.06653359946772978,545900.0,9.212075848303463,10.439787092481684,8.187624750499008,4.6590153027278935,2.0226214238190305,0.12641383898870195,0
20060303,-0.33266799733864894,504800.0,9.217065868263544,10.245841650033261,8.004657351962772,4.138389886892916,1.1909514304723903,0.1663339986693422,1
20060306,0.23279015630196304,647900.0,9.180578649817177,10.028599933488525,7.809777186564699,3.7312936481543297,0.3458596607915075,0.09976720984370181,0
20060307,0.16600265604249903,509300.0,8.996181938911093,9.682602921646744,7.483399734395754,3.233731739707836,-0.06308100929613146,-0.21912350597609212,1
20060308,0.03334444814938834,486000.0,9.459653217739358,10.004334778259418,7.775258419473174,3.3911303767922627,0.416805601867301,0.23341113704569472,0
20060309,-0.19691499835903747,1115600.0,7.742861831309587,8.133902198884151,5.9192648506728025,1.5244502789629295,-1.1486708237610812,-1.076468657696081,0
20060310,-0.10138560324434315,624200.0,10.934268333896672,11.192632646164236,8.860425819533615,4.070631970260221,1.6525853328827333,1.5478202095302533,0
20060313,-1.0152284263959415,4296800.0,11.074450084602432,11.169881556683547,8.794585448392533,3.7681895093062794,1.597292724196282,1.3333333333333277,0
20060314,-0.5181347150259018,1251400.0,13.364075993091587,13.26597582037995,10.76960276338512,5.3713298791019115,3.2193436960276287,2.6252158894645996,1
20060315,0.5860048259220895,675000.0,13.110651499483009,12.817304377800742,10.291623578076505,4.6156497759393265,2.6783867631850997,1.737331954498441,1
20060316,-0.10224948875256011,1472200.0,11.822597137014377,11.33810497614177,8.835037491479216,2.9021813224267503,1.2781186094069652,-0.17723244717109612,0
20060317,-0.3051881993896231,925200.0,11.245167853509733,10.573414716853154,8.045439131909117,1.8582570362834923,0.5696846388606283,-0.7527975584943972,0
20060320,-0.1718213058419268,1119400.0,12.714604810996615,11.841580756013702,9.231615120274887,2.6374570446735337,1.584192439862538,0.2680412371134122,0
20060321,0.3068530514831347,639400.0,11.811796795090416,10.742925332424115,8.124786907603122,1.5734742584384742,0.5182407091715244,-0.259120354585738,0
20060322,-0.20696791997239986,674200.0,13.100034494653388,11.812004139358372,9.087961365988244,2.6164194549844706,1.3521904104863605,0.8968609865470661,0
20060323,-0.3451846738004759,486700.0,13.154470141525772,11.663790127718297,8.846392820158771,2.4370037970314105,0.9043838453572431,0.7110804280289938,0
20060324,0.034782608695657614,767700.0,13.989913043478316,12.296347826086919,9.258434782608669,3.0034782608695596,1.3843478260869677,0.9669565217391259,0
20060327,-0.6243496357960449,1019200.0,13.645161290322635,11.80575789108564,8.584807492195585,2.493929934096432,0.853277835587937,0.49947970863684327,0
20060328,-0.34916201117318935,631400.0,14.367493016759816,12.3418296089385,8.93296089385472,2.8753491620111706,1.4141061452513881,0.6843575418994466,1
20060329,0.0,370300.0,14.846369694843956,12.635566467905946,9.05366538056818,3.0901438091897213,1.701157488600464,0.8067344791301189,1
20060330,0.06956521739130286,538300.0,13.84539130434788,11.486260869565177,7.807304347826069,2.001739130434776,0.646956521739155,-0.18782608695650413,0
20060331,-0.10456605088881539,687200.0,14.040955036598165,11.575810386894355,7.6967584524224515,1.976298361798549,0.5785988149181035,-0.020913210177750694,1
20060403,0.5565217391304352,970000.0,13.760521739130512,11.183999999999946,7.150608695652166,1.5339130434782449,0.2469565217391233,-0.2852173913043504,1
20060404,0.17241379310345073,514900.0,12.738793103448337,10.097586206896503,5.917241379310361,0.46551724137931577,-0.7310344827586198,-0.8965517241379364,0
20060405,0.034554250172764374,591700.0,12.9400483759503,10.189011748445004,5.830684174153421,0.49239806496198435,-0.5425017277125332,-0.39391845196959485,0
20060406,-0.137741046831953,831900.0,12.513429752066205,9.678374655647337,5.176997245179085,-0.09986225895315551,-0.8608815426997245,-0.5371900826446118,0
20060407,0.03514938488576999,503400.0,14.801933216168791,11.790509666080789,7.003163444639732,1.771528998242523,1.089630931458695,1.3567662565905196,0
20060410,0.35842293906810546,696000.0,17.012007168458883,13.814695340501723,8.713261648745524,3.482078853046591,2.749103942652315,2.7455197132616425,0
20060411,-0.10869565217391716,881400.0,18.22300724637689,14.866304347826015,9.465942028985495,4.362318840579686,3.4891304347825987,2.8478260869565264,0
20060412,-0.25566106647187836,475700.0,19.11723886048221,15.594229364499585,9.902118334550773,4.903214024835638,3.907962016070125,2.5346968590211927,1
20060413,0.10944910616563713,334700.0,18.943633710324793,15.286756658153896,9.36738416636265,4.436337103246981,3.3053630062020987,1.2331265961327889,0
20060417,-0.18288222384784458,412500.0,19.197695683979603,15.382589612289635,9.219458668617404,4.3105340160936345,3.0760790051206803,0.6803218727139719,1
20060418,0.18328445747799543,503800.0,19.41000733137839,15.406891495601105,9.090909090909092,4.2063782991202245,2.76392961876832,0.4472140762463208,1
20060419,0.251708018698311,856100.0,17.101941747572912,13.009708737864024,6.704782452355279,1.947141316073352,0.3775620280474665,-1.3160733549083052,1
20060420,0.214592274678107,470000.0,16.44670958512168,12.210300429184478,5.862660944206004,1.2160228898426317,-0.5114449213161684,-1.4306151645207388,1
20060421,0.9255962976148151,1978100.0,15.880562477750178,11.490566037735807,5.100035599857603,0.5909576361694566,-1.3100747597009688,-1.402634389462449,1
20060424,0.07010164738871213,729800.0,14.076235541535311,9.586400280406536,3.2085524009814166,-0.9989484752891573,-2.804065895548548,-2.089029092183654,0
20060425,0.10445682451253877,794700.0,13.310410863509848,8.700208913648973,2.2855153203342424,-1.6730501392757633,-3.1615598885793794,-1.7339832869080696,0
20060426,0.45502275113755336,661500.0,13.8872943647183,9.094154707735331,2.574028701435054,-1.1690584529226449,-2.3136156807840313,-0.6860343017150785,0
20060427,-0.13966480446927076,481400.0,13.591829608938614,8.662709497206647,2.0796089385474525,-1.3879189944134107,-2.112430167597754,-0.45391061452513615,0
20060428,0.10585744530699061,507600.0,14.772230063514558,9.637261820748014,2.8673253352152175,-0.4163726182074755,-0.7480592801693585,0.7762879322512436,1
20060501,-0.10533707865168938,1076300.0,14.18855337078658,8.931882022471852,2.075140449438181,-0.9427668539325825,-0.8356741573033692,0.24578651685393357,1
20060502,0.4482758620689621,1110900.0,12.123448275862138,6.836551724137875,0.0027586206896364927,-2.675862068965517,-2.020689655172421,-1.3586206896551667,1
20060503,-0.37593984962407034,753900.0,11.116541353383509,5.771018455228924,-0.9945317840055059,-3.496240601503758,-2.395762132604252,-1.763499658236482,0
20060504,-0.3403675970047579,1038300.0,10.65963240299529,5.233832539142217,-1.4309053778080474,-3.815520762423425,-2.31109598366235,-1.6609938733832403,0
20060505,0.7238883143743443,998500.0,12.058600482592235,6.435367114787933,-0.27094105480871655,-2.593933126508105,-0.7480179248535189,0.05515339538089706,1
20060508,-0.10259917920655809,1556700.0,11.168604651162836,5.468194254445905,-1.1073871409029041,-3.2250341997264074,-1.2859097127223025,-0.21203830369357443,0
20060509,-7.653910149750417,6591100.0,8.178202995008348,2.5194675540764604,-3.777703826955102,-5.475873544093196,-3.504159733777053,-2.202995008319476,0
20060510,0.32834731849689847,2518400.0,18.556913535206164,12.186793141189266,5.275446917183476,3.593578985771588,5.366654505654845,5.86647209047793,0
20060511,0.22271714922048524,981700.0,20.579992576095034,13.907572383073404,6.88789903489231,5.319227913882688,6.573867854491438,5.9020044543429835,0
20060512,0.03734129947721438,985200.0,21.237677371172538,14.359970126960327,7.281553398058197,5.83084391336814,6.628080657206851,4.869305451829704,0
20060515,0.11261261261261689,772600.0,21.801989489489497,14.729354354354275,7.5885885885885465,6.255630630630588,6.497747747747741,3.4684684684684663,0
20060516,0.11223344556678316,533900.0,21.284324728769196,14.1286943509165,6.976430976430946,5.794986906097975,5.2899364010475045,0.6359895248784069,0
20060517,-0.5283018867924549,1243100.0,22.20660377358495,14.898867924528222,7.631698113207524,6.466037735849056,5.162264150943404,0.8226415094339622,0
20060518,-0.07745933384972724,895100.0,25.272850503485696,17.662277304415092,10.143299767621984,8.855538342370256,6.553059643687065,2.610379550735862,0
20060519,0.5078124999999961,819800.0,26.190429687500018,18.389062499999913,10.709374999999993,9.304687499999991,6.136718750000006,2.570312500000005,0
20060522,-0.3131115459882655,803900.0,26.27084148727984,18.3416829745596,10.609784735812115,8.935420743639913,4.900195694716238,1.917808219178076,0
20060523,0.3147128245475936,1006400.0,26.7515735641227,18.66050354051918,10.850511408339871,8.843430369787558,3.6152635719905466,1.4083398898504995,0
20060524,0.11956954962136762,704600.0,28.244320446392972,19.905938620964438,12.000797130330806,9.581506576325229,4.053407732164207,1.6181745715424425,1
20060525,0.8303677342823285,630600.0,27.055950968762353,18.667852906287013,10.820877817319095,8.052589956504548,2.5780941083432087,0.39541320680109876,1
20060526,0.1576665352778839,451400.0,26.47260543949544,18.012219156483926,10.158454867954267,7.126527394560489,1.698856917619225,-0.10248324793062594,0
20060530,-0.19538882375928374,466000.0,25.203204376709643,16.709261430246105,8.906604142243062,5.640875341930456,0.41422430636966817,-0.9300508010941757,0
20060531,0.2770083102493086,613000.0,26.595172140878514,17.884843688167734,9.982588049070074,6.240601503759406,1.1080332409972484,0.20577760189949804,1
20060601,-0.11848341232227938,648600.0,26.157977883096358,17.34873617693515,9.448657187993703,5.252764612954207,0.4423380726698336,0.18957345971564699,1
20060602,-0.03874467260750876,578700.0,23.585625726462613,14.82642386671828,7.124370399070166,2.5629600929872565,-1.4684230918248518,-1.3095699341340468,0
20060605,-0.27472527472527586,936500.0,25.00412087912088,15.996467817896336,8.237833594976467,3.1985871271585467,-0.23940345368916777,0.05494505494505238,0
20060606,0.44194455604660277,1093400.0,27.772197669746863,18.347930895942078,10.493370831659309,4.7709923664122,1.8601848131779726,1.8642024909602195,0
20060607,-0.04050222762252557,773000.0,28.6049007695423,18.92264074524092,11.053057918185539,4.534224382341037,2.3896314297286345,2.2195220737140473,0
20060608,-0.44660982541615685,850900.0,28.707470564352388,18.833130328867163,10.997969955339046,4.22452293950469,2.4522939504669217,1.908241981323599,1
20060609,0.24390243902438505,800500.0,28.639227642276378,18.601219512195065,10.815447154471567,3.876016260162609,2.2967479674796656,1.0487804878048745,1
20060612,0.6849315068493077,590400.0,27.296937953263463,17.19701853344073,9.516518936341683,2.560435132957294,1.1684125705076516,-0.3787268331990378,0
20060613,0.0809388911371897,544200.0,27.656616754350445,17.362606232294567,9.68191015783086,2.626467017401865,1.2626467017401766,-0.08093889113720408,0
20060614,0.20508613617719731,770400.0,29.163863822805542,18.58244462674316,10.808039376538153,3.533634126333058,2.2682526661197593,1.0172272354388743,1
20060615,-0.4511894995898254,670500.0,28.95262510254304,18.208777686628338,10.429040196882706,3.0988515176374136,1.8826907301066287,0.8121410992616771,1
20060616,0.40000000000000563,956000.0,25.556399999999986,14.942399999999964,7.375200000000007,0.3779999999999859,-0.9680000000000178,-1.3680000000000092,0
20060619,0.4878048780487701,1143900.0,27.399186991869897,16.46016260162598,8.760162601626007,1.8069105691056824,0.284552845528442,0.05691056910567396,0
20060620,-0.4453441295546536,682200.0,26.68582995951413,15.63238866396757,8.016194331983808,1.2226720647773264,-0.19838056680163174,-0.3562753036437286,0
20060621,-0.49403046521201094,1498200.0,28.61445039110742,17.20625771922601,9.542198435570187,2.6986414162206667,1.321531494442149,1.2515438452037961,0
20060622,-1.0975094976783517,1477000.0,31.65829463908817,19.759814267623426,11.986492190797808,5.0042211903756755,3.4909244406922677,3.233431827775425,0
20060623,-0.9527934170636589,966400.0,34.82741446513638,22.423126894759616,14.524902555218693,7.256388046773478,5.52620181896925,4.261585101775668,1
20060626,-0.3448275862068892,654800.0,33.938793103448226,21.416379310344777,13.618965517241339,6.280172413793108,4.327586206896558,2.5603448275862273,1
20060627,0.04278990158321784,766800.0,32.72058194266148,20.112965340179677,12.452717158750502,5.032092426187413,2.995293110825827,0.6760804450149667,0
20060628,0.4295532646048018,1257000.0,32.96370274914082,20.189432989690687,12.54381443298968,5.010738831615116,2.9209621993127133,0.19759450171821036,1
20060629,0.3001715265866221,1144400.0,32.48091766723839,19.607632933104608,11.965694682675807,4.401801029159514,2.2898799313893607,-0.2915951972555654,0
20060630,-0.1279317697228042,1147000.0,31.503624733475434,18.59147121535178,10.960341151385927,3.3198294243070405,1.0618336886993551,-0.537313432835811,1
20060703,0.4723057106054076,559400.0,32.15822241305277,19.035637612709284,11.3104336625161,3.559467582653487,1.1936453413482124,0.22327179046802556,1
20060705,-0.7585335018963325,1106100.0,29.463548251158834,16.463548251158844,8.84197218710491,1.394858828487145,-1.09144542772863,-1.3316477033291296,0
20060706,-0.3820033955857379,667900.0,30.142614601018636,16.93845500848895,9.18930390492361,1.8866723259762372,-0.6876061120543253,-0.3820033955857379,0
20060707,-0.08580008580008398,1107400.0,31.28936078936076,17.814671814671815,9.909051909051938,2.6962676962677072,0.21450021450021756,0.677820677820668,0
20060710,0.0439753737906841,885700.0,34.317722075637604,20.354881266490775,12.145118733509255,4.861477572559364,2.572559366754606,2.576956904133694,0
20060711,-0.30809859154929703,661200.0,34.16241197183096,20.03080985915494,11.749119718309874,4.491637323943655,2.4515845070422473,2.165492957746483,1
20060712,0.30946065428824177,1019800.0,34.48872679045089,20.12201591511935,11.725022104332483,4.491600353669311,2.572944297082216,1.635720601237847,1
20060713,-0.8355321020228573,747400.0,33.51715039577835,19.058487247141585,10.58487247141604,3.5795954265611107,1.7941952506596206,0.37818821459983326,0
20060714,-1.009657594381038,882000.0,33.02326602282701,18.49517120280947,9.821773485513628,3.0465320456540623,1.378402107111486,-0.26338893766462806,0
20060717,0.045045045045052086,726700.0,36.20653153153151,21.246396396396378,12.044144144144177,5.10810810810811,3.463963963963973,1.8558558558558675,0
20060718,-0.17905102954341606,1002700.0,35.06020590868395,20.124888093106513,10.744852282900649,3.943598925693808,2.3903312444046505,0.8773500447627482,0
20060719,0.13673655423882214,854000.0,37.2121695533272,21.947584320875066,12.09845031905197,5.209662716499531,3.4412032816772973,2.0966271649954296,0
20060720,0.3633060853769385,979600.0,36.382152588555826,21.136693914623052,10.961852861035448,4.311989100817457,2.3660308810172768,1.0717529518619466,0
20060721,-0.04612546125460337,732500.0,38.17942804428043,22.636531365313648,12.17343173431737,5.484317343173433,3.2195571955719737,1.6420664206642142,0
20060724,-0.04664179104478341,1097700.0,39.37476679104475,23.611940298507445,12.916044776119426,6.280317164179115,3.768656716417909,2.070895522388055,1
20060725,-0.41647385469689896,1057300.0,37.93637204997684,22.248496066635802,11.54928273947248,5.076353540027771,2.438685793614056,0.5923183711244635,1
20060726,0.9717723276261031,1416900.0,37.605969458583964,21.85747339194818,11.08375751966685,4.66913465987972,1.9713095788986672,0.2869042110134251,1
20060727,0.0,766300.0,34.85977272727272,19.330454545454547,8.684545454545466,2.5227272727272876,-0.1727272727272739,-1.5090909090909126,1
20060728,-0.1363016810540715,704100.0,34.50249886415263,18.907769195820066,8.227169468423462,2.178555202180834,-0.5679236710586258,-1.2539754656974094,1
20060731,-0.31222123104371224,496800.0,31.771186440677933,16.395628902765363,5.944692239072252,0.080285459411243,-2.28813559322033,-2.1855486173059857,0
20060801,-0.3574620196604035,573000.0,31.732350312779257,16.24218051831995,5.84629133154605,0.05585344057196781,-2.0956210902591494,-1.3226094727435183,1
20060802,-0.04492362982929722,773200.0,32.173405211141024,16.53953279424977,6.121293800539085,0.2650494159928329,-1.4240790655884843,-0.2066486972147321,1
20060803,0.044014084507049134,911300.0,29.23437499999999,13.879401408450695,3.735035211267611,-1.9498239436619311,-3.1117957746478595,-1.5933098591549222,0
20060804,0.3104212860310434,363700.0,29.9332594235033,14.454101995565392,4.2917960088691816,-1.3791574279379313,-1.9955654101995532,-0.3725055432372489,0
20060807,-0.6640106241699804,1483100.0,29.423417441345716,13.967242142540934,3.8680832226649087,-1.5869853917662653,-1.6600265604249511,-0.3984063745019914,1
20060808,0.7292616226071109,1527200.0,32.948495897903335,17.006381039197752,6.632634457611674,1.1508659981768516,1.4038286235186865,2.151321786690965,1
20060809,6.311111111111119,2199300.0,29.354222222222198,13.783555555555516,3.7040000000000206,-1.393333333333323,-0.7244444444444456,-0.17777777777777398,1
20060810,-0.04199916001679131,1142100.0,21.995590088198234,7.301133977320433,-2.1243175136497,-6.593868122637549,-5.426291474170509,-4.754304913901714,1
20060811,-0.04168403501458112,852100.0,20.833472280116712,6.273447269695688,-2.9695706544393152,-7.042517715714893,-5.310546060858695,-4.268445185493945,1
20060814,1.2355848434925747,1091800.0,19.156095551894563,4.810131795716637,-4.254530477759449,-7.724464579901162,-5.675453047775962,-4.019769357495892,1
20060815,0.4920049200492046,1169000.0,18.390938909389078,4.149651496514966,-4.775727757277556,-7.720377203772048,-5.276752767527671,-2.4436244362443627,1
20060816,1.095779220779219,893200.0,16.97686688311688,2.9261363636363638,-5.7621753246753045,-8.108766233766223,-5.2719155844155825,-1.6964285714285685,1
20060817,-0.2770083102493086,678800.0,13.888009497427792,0.21923229125447524,-8.065690542144807,-9.756628413138104,-6.624455876533437,-2.991689750692522,1
20060818,0.07870916961825886,690800.0,13.081070444706844,-0.46005509641869524,-8.510822510822488,-9.5198740653286,-6.013380558835113,-2.4085005903187797,0
20060821,-0.2735443532629945,746900.0,12.10687768659637,-1.2743259085580039,-9.076983196561132,-9.345447440406412,-5.502149277061357,-2.071121531848383,1
20060822,0.03949447077408377,653000.0,13.115916271721986,-0.35703001579777,-8.067930489731408,-7.646129541864139,-3.1595576619273187,-0.2922590837282844,0
20060823,-0.350740452065471,511300.0,11.477786438035867,-1.7954014029617775,-9.21200311769287,-8.08067030397507,-3.211223694466101,-0.8183943881527702,1
20060824,0.5957108816520993,515100.0,13.441223193010352,-0.06513105639393865,-7.417791898331992,-5.6969817315329765,-0.8220810166799076,1.0007942811755317,1
20060825,-0.3508771929824556,370400.0,11.224951267056575,-2.0269005847952934,-9.015204678362561,-6.71539961013644,-1.9922027290448174,-0.6627680311890766,0
20060828,-0.15661707126076407,457800.0,11.559906029757288,-1.738057948316336,-8.581049334377438,-5.702819107282702,-1.0767423649177843,-0.2740798747063441,1
20060829,0.39184952978056986,553300.0,11.503722570532952,-1.7989811912225404,-8.437304075235103,-5.013714733542301,-0.5564263322883852,-0.03918495297804863,1
20060830,0.0,669500.0,11.052559593591289,-2.179366940210994,-8.618210238374383,-4.622899570144587,-0.4572098475967071,-0.367330988667439,0
20060831,-0.07788161993769305,382500.0,10.522585669781964,-2.608644859813078,-8.830218068535846,-4.380841121495341,-0.6464174454828675,-0.3271028037383301,1
20060901,0.7809449433814888,370300.0,10.685864896524826,-2.4201483795392207,-8.431081608746606,-3.5220616946505454,-0.29675907848496885,-0.08590394377195809,0
20060905,0.3861003861003916,413000.0,9.314864864864905,-3.5698841698841353,-9.239382239382241,-3.9633204633204584,-1.293436293436283,-0.926640926640907,0
20060906,-0.6982156710628383,385300.0,9.69588828549266,-3.184251357641562,-8.61675717610552,-2.7715283165244418,-0.655546935609001,-0.2637703646237447,1
20060907,0.23319082782743383,713100.0,9.771861640108872,-3.0586863583365544,-8.255732607850765,-1.9549164399533623,-0.43528954527787916,0.03886513797123207,1
20060908,0.03888024883359861,609300.0,9.662519440124468,-3.0816485225505175,-8.03032659409019,-1.5454898911352928,-0.18662519440122363,0.10886469673406782,1
20060911,-0.8067614291202492,624500.0,8.216673069535192,-4.3042643104110505,-8.917402996542455,-2.3261621206300394,-1.229350749135614,-0.7606607760276619,1
20060912,-0.34588777863182113,552500.0,8.117217524980818,-4.342044581091453,-8.68485780169103,-1.9542659492697845,-1.0069177555726245,-0.6302843966179782,1
20060913,-0.26861089792785986,399000.0,7.804297774366884,-4.566768994627773,-8.612432847275514,-1.7843438219493473,-0.951650038372976,-0.5679201841903289,1
20060914,0.3838771593090129,444600.0,7.696928982725544,-4.6253358925144035,-8.399232245681404,-1.4760076775431965,-0.7370441458733348,-0.28406909788868184,1
20060915,1.1376564277588195,1107900.0,6.257679180887399,-5.871824042472496,-9.297686765263565,-2.4630261660978507,-1.6799393249905248,-1.0011376564277563,1
20060918,-0.4798818752307088,381000.0,3.3130306386120503,-8.428202288667407,-11.429309708379487,-4.7452934662236945,-3.7467700258397953,-2.8497600590623793,0
20060919,0.5979073243647239,420200.0,4.463751868460407,-7.369207772795221,-10.036621823617352,-3.3520179372197383,-2.238415545590434,-1.0986547085201943,0
20060920,-0.1490868430860945,827500.0,4.070257174804378,-7.667163622810268,-9.96496459187477,-3.3227730152814035,-2.1021244875139637,-0.7827059262019894,0
20060921,-0.676183320811419,861200.0,4.767280240420776,-7.008640120210356,-8.954169797145008,-2.379789631855753,-0.9954921111945659,0.4282494365139022,0
20060922,0.34351145038167885,421600.0,6.314694656488593,-5.624809160305333,-7.230534351145056,-0.6202290076335796,0.7748091603053548,1.9083969465648856,0
20060925,0.65561126108755,552000.0,7.291939838025503,-4.770536058619354,-6.021596606247613,0.46856922483608754,1.7855765522560778,2.0748168145005796,0
20060926,-0.38491147036182227,414100.0,6.960546574287944,-5.084680523479592,-5.911470361816817,0.3598922247882804,1.5742879137798265,1.2779060816012344,1
20060927,-0.11565150346954949,492000.0,6.987663839629955,-5.056669236700085,-5.4888203546646235,0.5956052428681524,1.6846569005396976,0.7478797224363744,0
20060928,0.15414258188824337,308800.0,6.809826589595434,-5.22003853564545,-5.216184971098267,0.6262042389209801,1.6069364161849637,0.19267822736031104,1
20060929,0.5013497878904706,802400.0,6.751446201311278,-5.305823370613182,-4.841496336290032,0.7520246818357126,1.515618974161192,0.06170458927882082,0
20061002,0.6120887528691665,408700.0,5.761094108645816,-6.11514919663349,-5.264728385615931,0.04399387911246391,0.3366488140780314,-0.5814843152257115,0
20061003,-0.03853564547205399,483700.0,6.393641618497179,-5.465895953757205,-4.223506743737972,0.7861271676300738,0.7591522157996252,0.12331406551062479,1
20061004,0.609059763989342,363900.0,4.971640654739324,-6.636848115721346,-5.035401598781897,-0.34830605253141783,-0.6813856109630836,-0.8450704225352298,1
20061005,-0.11342155009450881,388500.0,4.137051039697606,-7.279395085066162,-5.315689981096417,-0.8903591682419729,-1.4215500945179496,-1.1417769376181326,1
20061006,0.3398791540785493,497800.0,3.9061555891239204,-7.39388217522658,-5.084592145015116,-0.8591389728096779,-1.4274924471299233,-0.8383685800604144,1
20061009,-0.18621973929236763,374800.0,2.372067039106187,-8.656983240223452,-6.0320297951582935,-2.072625698324021,-2.443202979515837,-1.6759776536312954,0
20061010,0.14947683109117765,1176500.0,2.607249626307966,-8.314648729446942,-5.391629297458927,-1.6050074738415843,-1.823617339312418,-0.7399103139013468,0
20061011,0.3100775193798383,863000.0,6.287984496124083,-4.895348837209295,-1.6062015503876128,2.0058139534883517,1.7751937984496062,2.5891472868217025,0
20061012,0.7722007722007832,609700.0,5.7467181467182105,-5.249034749034738,-1.7050193050193094,1.58301158301157,1.362934362934355,1.7683397683397624,1
20061013,0.4633204633204672,691300.0,5.615444015444097,-5.230501930501921,-1.45945945945946,1.4922779922779987,1.351351351351357,1.3204633204633296,1
20061016,0.6854531607006843,581100.0,4.039223153084609,-6.485148514851483,-2.5277989337395352,-0.05712109672507281,0.0076161462300033955,-0.5178979436405149,0
20061017,0.4538577912254063,489000.0,3.2140695915280486,-7.078290468986388,-2.9001512859304213,-0.7980332829047112,-0.4878971255673407,-1.4372163388804804,1
20061018,0.567966679288143,853000.0,3.2158273381295612,-6.933358576296868,-2.4513441878076527,-0.764861794774713,-0.321847784929954,-0.8633093525179915,0
20061019,-0.037495313085870126,556900.0,2.091488563929563,-7.8001499812523605,-3.0896137982752214,-1.7229096362954572,-1.2110986126734173,-1.252343457067865,0
20061020,0.03797949107482554,663000.0,3.2848461830612368,-6.569312571211537,-1.6467907330041585,-0.42916824914547325,0.0075958982149732035,0.34941131788833557,1
20061023,0.15140045420135936,734200.0,2.8084784254353465,-6.84595003785012,-1.7978803936411727,-0.6756245268735792,-0.4958364875094499,0.12869038607115413,1
20061024,-0.298062593144554,552700.0,1.0773099850969605,-8.265275707898642,-3.1438152011922167,-2.0696721311475357,-2.0230998509686877,-1.1400894187779338,1
20061025,0.40953090096798006,596500.0,0.8773268801192144,-8.282204020848829,-3.0320178704392986,-1.9713328369322367,-1.7014147431124376,-0.8786299329858418,0
20061026,0.0,459500.0,0.2837286879170451,-8.61267605633801,-3.2898443291326873,-2.2164566345441163,-1.7383246849518075,-1.0896960711638268,0
20061027,-0.33532041728762985,536900.0,0.6702682563338961,-8.0558867362146,-2.6684053651266657,-1.5368852459016447,-0.8755588673621439,-0.19374068554396276,0
20061030,0.2252252252252204,456600.0,1.2884759759760338,-7.290165165165165,-1.8453453453453388,-0.7038288288288421,0.011261261261261687,0.7207207207207214,1
20061031,-0.03769317753487208,565400.0,1.570109310214908,-6.833019223520539,-1.3675084809649454,-0.1828119110441035,0.4598567659253805,0.904636260836796,0
20061101,0.4090740052063943,544500.0,0.08590554109340727,-8.00334696913351,-2.5712160654518335,-1.4038676087765016,-0.706582372629235,-0.42394942357754095,0
20061102,-0.5671077504725844,834100.0,1.6173913043478847,-6.407183364839324,-0.8907372400755935,0.23629489603024575,0.862003780718329,0.8317580340264608,0
20061103,-0.19047619047619319,530100.0,2.256000000000075,-5.622857142857153,-0.0540952380952203,0.9561904761904673,1.599999999999993,1.1504761904761889,1
20061106,0.15273004963726286,788100.0,2.3508972890416877,-5.337533409698385,0.2161130202367434,1.0614738449789944,1.7449408171057545,1.0385643375334037,0
20061107,0.07598784194528714,824300.0,1.7114361702128336,-5.7549392097264755,-0.21960486322187214,0.4787234042553103,1.044832826747742,0.37993920972646267,0
20061108,-2.9366895499618595,2542200.0,1.9654843630817043,-5.333714721586596,0.21434019832189347,0.9420289855072597,1.1861174675819983,0.2517162471395976,0
20061109,-0.12219959266802907,1809000.0,8.719348268839187,1.0997963340122037,6.946639511201619,7.533604887983703,7.079429735234213,5.5234215885946965,1
20061110,0.6514657980456032,754600.0,8.493688925081536,1.0696254071661047,6.811889250814325,7.21701954397396,6.107491856677539,4.104234527687307,0
20061113,0.16090104585679463,997800.0,7.010257441673446,-0.10297666934836801,5.462590506838282,5.641592920353982,4.111021721641171,1.7779565567176197,1
20061114,0.0404858299595205,682300.0,7.526315789473763,0.6093117408906491,6.048582995951402,5.973684210526317,4.044534412955475,1.125506072874503,1
20061115,-0.44052863436123124,868300.0,6.201041249499489,-0.4076892270725186,4.837004405286325,4.539447336804157,2.1505806968361996,-0.969162995594703,1
20061116,0.080840743734855,1002800.0,7.017582861762424,0.5735650767986766,5.731608730800278,5.121261115602262,2.4090541632983027,0.10509296685529428,1
20061117,-1.0280743376828707,1144500.0,4.55140371688422,-1.5342032423883165,3.39818109924869,2.6294978252273453,-0.19770660340054236,-1.4946619217081856,1
20061120,0.11933174224344127,671900.0,5.037191726332605,-0.8743038981702863,3.94431185361968,2.9872712808273576,-0.01988862370724963,-0.6841686555290397,0
20061121,0.159045725646134,906900.0,4.864612326043821,-0.8461232604373956,3.8337972166997805,2.610337972166975,-0.5248508946322126,-0.36580516898607857,0
20061122,-0.5600000000000023,1422000.0,5.355400000000088,-0.18280000000002872,4.3719999999999715,2.853999999999971,-0.4160000000000111,0.255999999999986,1
20061124,-0.4385964912280679,270700.0,4.8736044657098025,-0.4473684210526373,3.961722488038266,2.1471291866028817,-0.5223285486443249,0.20733652312599524,1
20061127,-0.23932987634622546,1198800.0,4.773833266852896,-0.34742720382927605,3.899481451934593,1.8348623853211041,-0.2792181890706035,0.07179896290387189,1
20061128,0.0,617800.0,4.799640431482298,-0.11945665201757018,3.900918897323219,1.6759888134238885,-0.0519376747902442,0.14382740711147168,1
20061129,0.0,993600.0,4.202068416865638,-0.46101829753378193,3.317422434367554,0.9546539379474879,-0.3142402545743859,-0.30230708035004183,1
20061130,-0.1553398058252394,896600.0,1.6027184466020281,-2.7013592233009387,0.7860194174757588,-1.6582524271844645,-2.372815533980571,-2.0815533980582437,0
20061201,0.03898635477583456,955600.0,1.8641325536063327,-2.20389863547753,1.1033138401559779,-1.430799220272908,-1.6374269005848021,-1.255360623781687,1
20061204,0.6619937694704117,1020000.0,1.6121495327103552,-2.2036604361370267,0.9447040498442625,-1.656931464174453,-1.6004672897196315,-0.8956386292834908,0
20061205,-0.2689204763734164,762800.0,0.15328467153289893,-3.3937764118324805,-0.4049174029965268,-3.009988474836727,-2.581636573184789,-1.45985401459855,0
20061206,0.11641443538999278,779300.0,1.084594489716789,-2.2805587892898234,0.5836243694218406,-2.138145129996113,-1.358168412883203,0.023282887077998554,0
20061207,0.234374999999995,697800.0,1.6617187500000408,-1.5042968749999774,1.2250000000000179,-1.6093749999999962,-0.4687500000000039,0.5703125000000031,0
20061208,0.11764705882353386,741000.0,1.9721568627451551,-0.9784313725489824,1.5866666666667024,-1.0372549019607773,0.08627450980391554,0.8470588235294161,1
20061211,0.15606710885681896,861000.0,1.3673429574717768,-1.3398361295356689,1.0479906359735074,-1.3304721030042823,-0.2028872415138494,0.29652750682792417,1
20061212,-0.03898635477582071,968500.0,1.196686159844098,-1.2619883040935347,0.9309941520467885,-1.2534113060428864,-0.03898635477580686,-0.07797270955164141,1
20061213,3.4829721362229047,1264000.0,0.3728715170279091,-1.8177244582042915,0.1803405572755477,-1.7589009287925814,-0.5030959752321943,-0.7585139318885507,0
20061214,-0.11503067484661651,989600.0,-0.6271088957054834,-2.5498466257668273,-0.7561349693251213,-2.4501533742331265,-1.2921779141104148,-1.3036809815950916,1
20061215,0.0,669700.0,-1.9009469696969465,-3.5496212121211888,-1.9628787878787486,-3.318181818181823,-2.204545454545444,-1.81818181818182,0
20061218,-0.22744503411675027,708300.0,-1.896512509476847,-3.3104624715693456,-1.8961334344200003,-3.0382865807429904,-1.8650492797573952,-1.1751326762698966,0
20061219,-0.42405551272167685,818000.0,-0.313030069390871,-1.518889745566686,-0.30223592906705826,-1.2393986121819869,-0.23515805705475518,0.7247494217424645,1
20061220,0.3468208092485544,681900.0,-0.4292870905587384,-1.4208092485549015,-0.4030828516377428,-1.123314065510608,-0.20423892100191626,0.7707129094412304,1
20061221,0.0382995021064786,491600.0,-1.1229414017617452,-1.8820375335120594,-0.9896591344312318,-1.5166602834163185,-0.6204519341248527,0.17617770968977164,0
20061222,-0.38284839203675886,381200.0,-1.227220520673789,-1.7718223583461004,-1.0107197549770128,-1.355283307810104,-0.42113323124042656,-0.07656967840734906,1
20061226,0.03846153846154447,324400.0,-0.8396153846153682,-1.1923076923076874,-0.546153846153844,-0.7211538461538461,0.18076923076924672,0.09230769230769581,0
20061227,-0.38240917782025957,618600.0,-1.4619502868068455,-1.6214149139579197,-1.125047801147214,-1.0764818355640446,-0.20267686424474501,-0.32122370936903705,0
20061228,-0.11569610489780616,468600.0,-0.685306594677944,-0.6579251831855006,-0.3254917084458106,-0.08484381025840945,0.6787504820671112,0.5090628615503334,1
20061229,0.0,521600.0,-1.281357882623683,-1.032988108937467,-0.8868431146912069,-0.5600306866129817,0.13425393172227307,-0.0613732259301812,1
20070103,0.3073376872838966,778400.0,-1.1961198616980169,-0.7452938916634753,-0.7837111025739555,-0.334229734921271,0.14598540145985497,0.023050326546293614,1
20070104,0.03803727653100633,729600.0,-2.226702168124735,-1.6325599087105154,-1.767972613160899,-1.2038798022061807,-0.8786610878661151,-0.7455306200075996,0
20070105,-0.07448789571695764,705800.0,-4.312104283053997,-3.577653631284901,-3.784729981378044,-3.111731843575431,-2.6070763500931204,-2.294227188081935,0
20070108,-0.15209125475284846,557200.0,-2.3621673003802144,-1.4844106463878313,-1.8136882129277714,-0.9847908745247297,-0.43726235741444275,0.030418250950566994,1
20070109,0.2663622526636236,780200.0,-2.3390410958904075,-1.3375190258751823,-1.7831050228310583,-0.7800608828006294,-0.2968036529680478,0.2663622526636236,0
20070110,-0.41761579347000544,718900.0,-2.607251328777511,-1.4977220956719577,-2.055429005315108,-0.8466211085801159,-0.44039483675018853,0.2733485193621837,0
20070111,0.0,1466700.0,-2.099847269950359,-0.8984345169911996,-1.5441008018327702,-0.1718213058419309,0.20236731576938077,0.7712867506682005,0
20070112,0.07692307692307529,1063700.0,-1.4351923076923039,-0.15153846153842265,-0.8738461538461806,0.6249999999999781,0.8769230769230693,0.8538461538461588,0
20070116,0.30816640986131855,748400.0,-1.332434514637892,0.016563944530089733,-0.7650231124807494,0.8031587057010816,1.0439137134052419,0.7473035439137234,0
20070117,0.0775795190069805,810200.0,-0.7011249030256003,0.7327385570209751,-0.1582622187742606,1.4487975174553778,1.636927851047312,1.062839410395659,0
20070118,-0.07754943776657454,560900.0,-0.7958511050794724,0.6987204342768899,-0.24815820085304408,1.2911981388135012,1.5044590926715986,0.5971306708026364,1
20070119,0.4656577415599573,1212300.0,-0.7766783081101947,0.7997671711292448,-0.2079937912301103,1.251455180442381,1.3814512999612154,0.3492433061699783,1
20070122,0.11312217194570565,1366500.0,-3.6295248868778156,-2.018099547511271,-3.0052790346907883,-1.5026395173453808,-1.6101055806938145,-2.0965309200603355,1
20070123,-0.4514672686230152,823400.0,-3.8914597441685213,-2.200150489089506,-3.204665161775761,-1.6064710308502488,-1.7268623024830554,-1.8510158013543918,1
20070124,0.07515971439308371,991700.0,-4.0454716272078,-2.269447576099182,-3.284479518977823,-1.6234498308906509,-1.7136414881623565,-1.3378429161969245,0
20070125,0.0752162467092876,1013000.0,-4.008273787138006,-2.1583301993230473,-3.0582925911997063,-1.4610755923279448,-1.5456938698758849,-0.6619029710417523,0
20070126,-0.03757985719653518,1004600.0,-4.104659902292345,-2.1969184517098768,-2.9770762871101,-1.4205186020293128,-1.4618564449454934,-0.10522360015031453,1
20070129,-0.30063885757233483,746300.0,-4.12326193160465,-2.1593385945133416,-2.8455467869222,-1.3340849304772524,-1.2326193160465968,-0.03757985719653518,1
20070130,0.37327360955580974,1089200.0,-4.778462112728627,-2.7835013064576577,-3.3422918999626674,-1.8365061590145477,-1.5864128406121714,-0.5524449421426026,1
20070131,-0.1844337882700137,725800.0,-5.907967539653263,-3.8819623755072143,-4.325341202508284,-2.803393581704161,-2.2574695684249293,-1.3574326816672893,1
20070201,-0.07342143906020401,1279100.0,-6.358847283406732,-4.285242290748916,-4.5983847283406405,-3.0451541850220116,-2.1916299559471284,-1.3509544787077905,1
20070202,-0.1810282404055058,643600.0,-7.641020999275875,-5.53330919623463,-5.7422157856625455,-4.13830557566982,-2.86748732802319,-1.976828385228093,0
20070205,-0.035984166966527564,715300.0,-8.206369197553071,-6.047858942065497,-6.128103634400849,-4.555595537963315,-3.0046779417056655,-1.727240014393681,1
20070206,0.47135605511240963,860200.0,-7.514321972443787,-5.2759245830311885,-5.2371283538796165,-3.596809282088486,-1.9035532994923936,-0.4060913705583824,1
20070207,0.07186489399929258,769200.0,-8.349802371541491,-6.063241106719368,-5.885016169601145,-4.184333453108158,-2.3463887890765314,-0.7833273445921539,1
20070208,0.0,722300.0,-9.238078291814935,-6.892882562277585,-6.574377224199289,-4.791814946619239,-2.747330960854112,-1.1245551601423576,1
20070209,0.10630758327427758,764700.0,-9.632884479092827,-7.223245924875972,-6.74840538625087,-4.836995038979454,-2.5903614457831385,-1.1197732104889986,1
20070212,0.3196022727272722,692677.0,-9.44762073863633,-6.987571022727275,-6.327414772727249,-4.250710227272724,-1.83238636363637,-0.6463068181818258,1
20070213,0.3527336860670119,708843.0,-10.059611992945328,-7.554850088183458,-6.728747795414456,-4.470899470899478,-1.940035273368609,-0.7689594356260896,1
20070214,-0.1756234632946862,586538.0,-10.436424306287313,-7.886898489638229,-6.930804355461873,-4.401123990165099,-1.8756585879873637,-0.7376185458377145,1
20070215,0.07012622720897466,600900.0,-10.592741935483854,-7.981767180925675,-6.892706872370259,-4.090112201963544,-1.5988779803646795,-0.6171107994389845,1
20070216,0.03469812630117283,711600.0,-11.526544066620394,-8.848716169326845,-7.6439972241498815,-4.559333795975017,-2.206800832755041,-1.2352532963220042,1
20070220,0.1378834884522549,1141300.0,-12.110306790761822,-9.33953809031368,-8.043433298862453,-4.755256807997243,-2.4267493967597646,-1.2961047914512402,1
20070221,0.0,853500.0,-12.655532716683798,-9.788626241863648,-8.376156217882837,-4.895512161699207,-2.476875642343289,-1.3292223364165867,1
20070222,0.0,1130700.0,-13.037517053206008,-10.073328785811714,-8.528649386084567,-4.855047748976798,-2.4010914051841645,-1.1869031377899009,0
20070223,-0.13670539986330382,1200400.0,-12.858851674641159,-9.775803144224167,-8.084073820915894,-4.203691045796286,-1.8045112781954722,-0.47846889952154514,0
20070226,0.03424657534247111,1661769.0,-12.694349315068493,-9.478424657534216,-7.650684931506831,-3.563356164383555,-1.2671232876712242,-0.013698630136990875,0
20070227,-0.9493670886075934,1446300.0,-10.343178621659638,-6.978551336146236,-4.986638537271444,-0.6645569620253291,1.4697609001406569,2.2573839662447237,0
20070228,-4.566535854441674,4967300.0,-9.012308241170167,-5.543703175169431,-3.440599357830887,1.0096325365679548,2.839814484480911,2.9254370317516956,0
20070301,-0.9487666034155597,3067160.0,-3.2193548387096573,0.4815939278937752,2.736242884250488,7.3055028462998,8.592030360531293,7.233396584440223,0
20070302,-0.23382696804364272,1483600.0,-0.636009353078707,3.1527669524552144,5.441153546375683,9.883086515978167,10.397505845674186,7.310989867498057,0
20070305,-0.3892565200467163,2126800.0,-0.7722849357726721,3.0015570260802167,5.2643051771117,9.379135850525474,9.050214091086008,4.453094589334379,1
20070306,0.2732240437158481,1558600.0,-0.5183450429352052,3.23497267759566,5.526932084309108,9.254488680718197,8.024980483996867,2.5370804059328593,0
20070307,-0.4245465071400982,1592800.0,-1.630065611732914,2.0467001157854536,4.342724816673056,7.70937861829409,5.549980702431475,-0.24700887688152684,0
20070308,0.47095761381476053,877400.0,0.02766875981162916,3.756279434850893,6.05416012558867,9.06593406593406,5.824175824175818,0.7535321821036253,1
20070309,0.19554165037153193,1086100.0,-0.32401251466559805,3.3781775518185704,5.637856863511918,8.18732890105592,4.008603832616342,0.32850997262418136,1
20070312,-0.1929756850636847,705900.0,-1.6225395600154409,2.0219992280972914,4.244693168660742,6.3218834426862,1.3739868776534219,-0.8182169046700105,0
20070313,-0.5784805244890034,912900.0,-1.6822213652140494,1.9305823370613138,4.147319706903181,5.809872734284595,0.3278056305437613,-0.6556112610875363,0
20070314,-0.510003923107097,987400.0,0.018830914083938482,3.652805021577106,5.910553158101211,7.075323656335832,1.063162024323281,0.7296979207532364,1
20070315,-0.19646365422397138,1112233.0,0.1776031434184585,3.777996070726919,6.02829076620826,6.650294695481346,0.8683693516699413,0.8644400785854572,1
20070316,0.19538882375928374,766400.0,-0.37045720984763575,3.16803438843297,5.41383352872216,5.49433372411099,0.2891754591637283,0.3282532239155906,0
20070319,-0.03916960438700181,801600.0,-0.13121817469647765,3.379161770466119,5.602036819428107,5.0979240109674775,0.46220133176652956,0.2663533098315761,0
20070320,-0.39385584875935964,1580900.0,0.4208349743993335,3.908625443087815,6.06931862938162,4.96455297361166,0.9255612445844799,0.39385584875935964,1
20070321,0.5148514851485109,942900.0,0.966534653465324,4.421782178217802,6.574257425742561,4.766336633663373,1.223762376237628,0.7603960396039611,1
20070322,0.47021943573668107,791600.0,-0.10090125391851769,3.26449843260186,5.387147335423186,2.913401253918513,0.16849529780563974,-0.2507836990595614,1
20070323,-0.582298136645971,1233934.0,-1.014751552795066,2.2550465838509166,4.360248447204958,1.2752329192546652,-0.6909937888198789,-1.0481366459627313,1
20070326,1.0760953112990053,1257000.0,-1.9782859338970136,1.201767870868547,3.304381245195989,-0.34780937740196616,-1.6410453497309747,-1.6602613374327386,1
20070327,-0.07550018875047027,973400.0,-3.682332955832398,-0.5994714986787578,1.5084937712344129,-2.483956209890503,-3.1747829369573335,-2.574556436391086,0
20070328,-0.3031451307313446,920700.0,-3.283440697233822,-0.22811671087536534,1.9257294429707903,-2.4251610458506763,-2.466843501326273,-1.341417203486166,1
20070329,0.11419870574800586,1066100.0,-2.8140464408070254,0.20403502093640016,2.4286258089074786,-1.9946707270650832,-1.709173962695096,-0.31975637609441643,1
20070330,0.6405425772419054,867900.0,-3.7682743029389862,-0.8119819140919585,1.4431047475508365,-2.8259231348907177,-2.351168048229097,-0.7460437076111411,0
20070402,0.15151515151516176,940200.0,-3.219696969696975,-0.2803030303030499,2.028787878787861,-2.1761363636363384,-1.5037878787878596,0.06818181818182077,0
20070403,0.5313092979127021,1078600.0,-2.9986717267552336,-0.08500948766607871,2.2094876660341023,-1.851992409867171,-0.9525616698292266,0.15180265654647285,0
20070404,0.037821482602110476,1019100.0,-3.3016263237519152,-0.4205748865356066,1.8509833585476008,-2.0858547655068107,-0.8396369137670245,-0.1512859304084822,1
20070405,-0.11337868480726053,576100.0,-3.3395691609977565,-0.4867724867725338,1.7626606198034374,-1.9746787603930223,-0.5593348450491161,-0.0831443688586622,1
20070409,0.03750937734434195,830200.0,-4.027944486121558,-1.15416354088525,1.004501125281298,-2.505626406601661,-0.9677419354838809,-0.742685671417856,1
20070410,0.1888217522658637,1259151.0,-3.3342145015106115,-0.4097432024169697,1.6812688821751858,-1.735271903323297,-0.12084592145015116,-0.007552870090643672,1
20070411,0.0,614500.0,-5.586804275709569,-2.71212679690384,-0.7165499447106849,-3.8684113527460573,-2.2779211205307726,-1.8282344268337716,1
20070412,0.0,745643.0,-5.44300995942458,-2.5514570269273626,-0.6196975285872607,-3.49870896348212,-1.9402434526005288,-1.2615271117668712,0
20070413,0.2204261572373339,611669.0,-5.751285819250565,-2.8626010286554378,-1.0132255694342536,-3.563556208670091,-1.9875091844232067,-1.10213078618663,1
20070416,0.47935103244837396,410600.0,-5.334623893805316,-2.4166666666666803,-0.6570796460177135,-2.9258849557522186,-1.4122418879056016,-0.39823008849557723,1
20070417,0.292611558156554,583800.0,-6.0221287490855815,-3.126920263350431,-1.4769568397951862,-3.3760058522311827,-1.8617410387710327,-0.5705925384052496,1
20070418,-0.07251631617113696,946600.0,-6.762690355329937,-3.8814358230602113,-2.3495286439448866,-3.81979695431472,-2.269760696156627,-1.1094996374184098,0
20070419,1.781170483460554,858113.0,-6.4516539440203715,-3.5510723373319073,-2.106143220647049,-3.1643038894947413,-1.6321337695383682,-0.5670665212649902,0
20070420,0.9544787077826784,810471.0,-5.451908957415562,-2.512848751835562,-1.1791483113069055,-1.888766519823782,-0.37077826725403484,0.4331864904552076,1
20070423,-0.10849909584085926,396300.0,-6.783001808318261,-3.8654611211573346,-2.677034358047009,-3.0018083182640085,-1.490054249547917,-0.6726943942133814,0
20070424,-0.14498006524102627,398800.0,-6.507249003262061,-3.565059804276935,-2.5110547299746226,-2.506342877854287,-0.8735048930772007,-0.2754621239579576,1
20070425,0.3632401017072207,448800.0,-6.226843443516189,-3.2640755539411743,-2.3443516164184603,-2.104976389393374,-0.5121685434071858,-0.09444242644387868,0
20070426,-0.10795250089959549,563000.0,-7.013314141777624,-4.073767542281413,-3.298308744152582,-2.76898164807485,-1.1982727599856007,-0.8276358402302875,0
20070427,-0.07254261878853671,453154.0,-6.183351468988046,-3.2422923467537257,-2.591947769314475,-1.757344940152329,-0.2829162132753099,0.20311933260789763,0
20070430,-0.07288629737609173,702600.0,-5.651056851311957,-2.718658892128301,-2.209183673469405,-1.1279154518950432,0.30612244897959046,0.5247813411078786,1
20070501,0.0,4475900.0,-5.083699633699634,-2.1604395604395616,-1.819047619047622,-0.4560439560439343,0.8058608058608017,0.8278388278388245,1
20070502,1.5910629654705566,5534800.0,-12.166723087339188,-9.460731211916043,-9.228165199729178,-7.464454976303311,-6.174678402166547,-5.457007447528781,1
20070503,-0.19556714471968295,1735305.0,-15.292209908735318,-12.664928292046948,-12.5039113428944,-10.21186440677967,-8.627770534550203,-7.08604954367666,1
20070504,0.2608412129116345,1726100.0,-15.128790348875112,-12.471144440821648,-12.387349201173793,-9.496250407564423,-7.4796217802413025,-5.0342354091946655,1
20070507,-0.09606147934678558,962150.0,-16.50192122958691,-13.85718860070444,-13.83221261607429,-10.387447966698698,-7.992315081652264,-4.309958373358938,0
20070508,-0.06459948320413299,1054700.0,-15.629360465116257,-12.933785529715763,-12.967054263565897,-8.882428940568486,-6.101421188630477,-1.1111111111111265,1
20070509,-0.09668063164679708,915400.0,-15.669029970995805,-12.956815984531092,-12.99645504350629,-8.459555269094448,-5.185304543989681,-0.3738317757009449,0
20070510,-0.06375518010838245,804500.0,-16.424768887472087,-13.723940070130695,-13.726490277335035,-8.772712782913608,-5.071724577621923,-1.0137073637232956,0
20070511,-0.0648718780408679,554100.0,-14.811385014596151,-12.058709049626966,-11.924748621472572,-6.5893610120013015,-2.3516055789815162,0.8238728511190327,0
20070514,2.2800256904303176,957300.0,-15.506422607578635,-12.781952472703894,-12.449582530507373,-6.873795761078985,-2.1355170199100693,-0.23763648041104068,0
20070515,0.3567953292247908,752000.0,-14.513623094388517,-11.760622770029153,-11.235809276678545,-5.3713915017839735,-0.006487187804071809,0.6811547194291303,1
20070516,0.1291572489506061,780600.0,-14.755408459799746,-11.997093961898573,-11.29157248950595,-5.251856635453665,0.003228931223757409,0.18727801097836563,1
20070517,-0.5129849310676503,1046253.0,-15.216094902212198,-12.449823661429907,-11.57871112536068,-5.330234049374793,-0.53863417762103,-0.6348188521962294,1
20070518,0.4801536491677405,1052400.0,-15.209987195902622,-12.42573623559534,-11.351472471190743,-4.841549295774635,-0.5153649167733605,-0.5313700384122818,0
20070521,0.03162555344717903,1287992.0,-16.080961416824742,-13.304237824161882,-12.034155597722936,-5.35736875395318,-1.5876027830487,-1.4231499051233487,0
20070522,0.29126213592232963,1142400.0,-13.993203883495095,-11.125566343042012,-9.66148867313912,-2.6165048543689164,0.6860841423948327,0.9190938511326826,0
20070523,0.16123831022249968,843600.0,-14.161883263463364,-11.28410190261202,-9.65430506288292,-2.4008384392131528,0.32247662044499936,0.5869074492099278,0
20070524,0.6776379477250754,977500.0,-13.970958373668891,-11.063568893191304,-9.241045498547901,-1.8215553404323712,0.2646014843497812,0.5227492739593615,0
20070525,0.06455777921239371,529700.0,-13.797288573273056,-10.876371852808225,-8.854744996772105,-1.2395093608779983,0.34538411878631153,0.3873466752743738,0
20070529,0.2263906856403516,528900.0,-13.493855109961167,-10.545278137128062,-8.333117723156517,-0.4851228978008061,0.4689521345407604,0.1293661060802042,0
20070530,-0.12949174490125978,710100.0,-13.295241178374864,-10.309485270314005,-7.897054062803482,0.19261897054059315,0.5859501456782276,0.22013596633213933,0
20070531,0.35807291666666485,620300.0,-12.705891927083309,-9.687174479166654,-7.040364583333325,0.9391276041666407,1.0611979166666685,0.5859374999999991,1
20070601,0.5836575875486372,912900.0,-12.939202334630338,-9.89137483787288,-7.0395590142671844,0.5723086900129611,0.5544747081712157,0.09727626459143185,1
20070604,-0.09514747859182092,1047698.0,-14.731208372978099,-11.69679670155407,-8.69267364414843,-1.4922296225816833,-1.5540754836663557,-1.7443704408499863,1
20070605,-0.15847860538827482,1247500.0,-14.6757527733756,-11.587638668779723,-8.383518225039618,-1.5039619651347151,-1.6386687797147481,-1.4072900158478574,0
20070606,-0.5683612251342067,940400.0,-14.898010735712038,-11.749605304704767,-8.37385538364383,-1.7650773602778687,-1.7682349226397405,-1.2882854436375157,0
20070607,-0.09587727708532306,1110400.0,-13.770533716842447,-10.508788750399477,-6.954298497922654,-0.5305209332054754,-0.48577820389898985,0.27484819431127683,1
20070608,-0.1925545571245145,735140.0,-13.321405648267003,-9.96854942233631,-6.2599486521180925,-0.14922978177148477,-0.016046213093706692,0.8985879332477458,1
20070611,-0.31796502384737,840400.0,-14.023211446740847,-10.61844197138314,-6.7949125596184325,-0.9713831478537203,-0.7885532591414754,-0.08267090620031733,0
20070612,-2.7252324462968947,892000.0,-13.217858287912781,-9.700224430907333,-5.719781981404304,-0.13786470022442854,0.12504007694772162,0.519397242705981,1
20070613,0.8122157244964262,1262400.0,-11.97092267706302,-8.334632878492517,-4.179337231968812,1.1842105263157998,1.4230019493177581,1.2800519818063623,1
20070614,0.6056742110296389,1303900.0,-13.535384124960153,-9.904048453936893,-5.661459993624481,-0.6550844756136345,-0.27733503347148003,-0.573796620975442,1
20070615,1.1942174732872488,745700.0,-14.659490886235076,-11.013513513513514,-6.657448145820253,-1.9610307982401078,-1.3796354494029137,-1.5650534255185564,0
20070618,-0.15654351909831155,650700.0,-14.879618033813408,-11.180964308077659,-6.664996869129634,-2.219787100814047,-1.6217908578584757,-1.6280525986224044,1
20070619,0.031142946122697013,1073373.0,-15.228744939271262,-11.479289940828414,-6.819682341949565,-2.661164746185005,-1.9682341949548363,-1.575833073808772,1
20070620,0.1547508511296724,1250600.0,-15.650882079851458,-11.850820179511,-7.035592695759835,-3.0454967502321315,-2.3769730733519054,-1.2380068090374452,1
20070621,0.15518311607698407,1447711.0,-15.312693978895094,-11.430477963997529,-6.459962756052148,-2.586902545003095,-1.8156424581005506,-0.43451272501552013,0
20070622,-0.36551934206517656,760707.0,-16.78068839476088,-12.892171794090798,-7.849527870849839,-4.116661590009143,-3.1312823636917417,-1.6692049954310137,0
20070625,0.34150884818379207,899900.0,-15.079012728966152,-11.0571251164235,-5.765911207699468,-2.080099348028557,-1.0307357963365327,0.3911828624650657,0
20070626,0.18581604211830993,954393.0,-15.187829049241234,-11.121090120780453,-5.679157633942397,-2.1105605450603786,-0.9352740786621233,0.2539485908950162,0
20070627,-0.4975124378109347,1149400.0,-14.744869402985053,-10.62064676616917,-4.998134328358204,-1.5174129353233596,-0.10572139303482253,0.565920398009957,1
20070628,0.09302325581395701,1153509.0,-14.886356589147287,-10.731782945736462,-4.973643410852711,-1.5550387596899335,-0.1116279069767484,0.3038759689922449,1
20070629,0.3353658536585349,1263300.0,-16.210213414634143,-12.069512195121963,-6.244512195121945,-2.907012195121946,-1.4878048780487576,-1.3963414634146294,1
20070702,0.677339901477851,733700.0,-15.285868226600982,-11.060036945812813,-4.998152709359617,-1.8041871921182333,-0.35098522167486834,-0.25862068965516033,1
20070703,0.5748865355522083,502400.0,-16.640998487140703,-12.444175491679285,-6.309833585476551,-3.270801815431153,-1.7851739788199803,-1.5189107413010665,0
20070705,0.1820940819423222,733298.0,-16.288163884673775,-12.034901365705641,-5.700151745068316,-2.783004552352053,-1.2928679817906408,-0.7405159332321908,0
20070706,0.061012812690652896,587084.0,-15.76723611958514,-11.437766931055549,-4.890787065283734,-2.05155582672361,-0.6101281269066591,0.09762050030505331,1
20070709,-0.06075334143378835,858544.0,-16.031895504252763,-11.675577156743648,-4.983596597812898,-2.200789793438636,-1.0054678007290494,-0.2551640340218808,1
20070710,-0.1816530426884719,573686.0,-16.21768089615503,-11.831668180442026,-4.969421737814111,-2.2873145625189153,-1.086890705419321,-0.25431425976383915,0
20070711,-0.15179113539768416,741400.0,-15.892835458409238,-11.456587735276276,-4.375834851244692,-1.754705525197316,-0.6193078324225669,-0.048573163327256336,1
20070712,0.09126863401278107,886966.0,-15.61226041983573,-11.144812899300273,-3.8332826285366535,-1.2275631274718406,-0.19166413142681862,0.11560693641619656,1
20070713,0.0,657100.0,-16.715592203898076,-12.293553223388331,-4.988905547226371,-2.352323838080942,-1.2983508245876842,-0.9835082458770491,1
20070716,0.12113870381586658,998900.0,-15.776650514839524,-11.301029678982468,-3.897637795275576,-1.194730466384012,-0.2453058752271228,0.06662628709872338,1
20070717,-0.5038529934795546,751226.0,-17.458358032009507,-13.062833432128066,-5.766449318316525,-3.036455245998803,-2.000592768227636,-1.6478956727919305,0
20070718,-0.08920606601249223,1255582.0,-17.07418971156707,-12.64852809991082,-5.315492120130817,-2.4933095450490517,-1.5075825156110763,-0.9158489443948848,0
20070719,0.06038647342996113,821200.0,-15.688707729468614,-11.185084541062801,-3.7270531400965887,-0.8695652173912729,0.06038647342998259,0.7608695652173987,0
20070720,-0.09022556390977786,817000.0,-15.911428571428592,-11.387669172932343,-3.969924812030065,-1.1022556390977292,-0.18947368421051214,0.3067669172932447,0
20070723,0.7040097949188762,901000.0,-14.315733088460386,-9.672482399755149,-2.1854912764003522,0.6290174471992674,1.5059687786960432,1.8732782369145846,0
20070724,-0.30248033877798375,530170.0,-15.223835450695738,-10.535087719298268,-3.2044767090139037,-0.4295220810647399,0.31760435571689044,0.2601330913490578,0
20070725,0.2759889604415928,1315558.0,-13.959521619135264,-9.087396504139857,-1.778595522845726,0.9935602575897123,1.6007359705611945,1.0180926096289504,0
20070726,-1.0910224438902678,1466897.0,-12.450748129675832,-7.386221945137164,-0.07793017456356445,2.649625935162099,3.033042394014982,2.038653366583552,0
20070727,-2.953188815582777,993600.0,-11.684888469996894,-6.463713477851077,0.7609173735470031,3.389883757461539,3.3647502356267607,1.947847942192914,0
20070730,-2.920181700194674,1034434.0,-8.724853990915037,-3.2391304347826098,4.038935756002612,6.4568462037637735,6.0382868267358765,4.088254380272543,1
20070731,0.8777633289986982,1090793.0,-8.46618985695714,-2.878738621586477,4.210663198959703,6.384915474642376,5.276332899869941,2.795838751625474,0
20070801,-0.2299605781865975,1960088.0,-7.429369250985597,-1.697766097240473,5.2286465177398265,7.074572930354788,5.335085413929059,2.450722733245725,1
20070802,6.284962158604793,2501155.0,-7.203191839420903,-1.388614675880214,5.368213228035536,6.829549193813725,4.610069101678194,1.5070746956235668,0
20070803,1.6372795969773284,1871889.0,-11.119489924433303,-5.458753148614606,0.8702770780856387,2.060768261964698,-0.37153652392946646,-2.915617128463471,0
20070806,-1.196096946805159,1278901.0,-11.063581995593374,-5.290840415486301,0.8876298394711993,1.8476550204595747,-0.686181932640856,-2.3481271639911827,1
20070807,-0.6255864873318714,1276300.0,-11.532999687206793,-5.679386925242403,0.318423522051915,1.0447294338442168,-1.648420394119479,-2.202064435408186,0
20070808,0.062111801242223666,2217900.0,-12.0790372670808,-6.147826086956536,-0.31863354037270053,0.2080745341614912,-2.4782608695652337,-1.8074534161490705,0
20070809,-2.4566000655093347,2528300.0,-7.200949885358702,-0.8503111693416393,5.1103832296101785,5.306256141500156,2.3485096626269084,3.6554208974778777,1
20070810,2.834008097165991,2002903.0,-4.3601551956815445,2.270242914979764,8.193657219972971,7.842442645074213,4.682860998650465,5.337381916329287,1
20070813,0.09624639076033872,1961500.0,-8.985242220083457,-2.559833172922654,2.90407443054219,2.2521655437921133,-0.34327879371191167,-0.21815848572346788,1
20070814,0.4654049022649882,981000.0,-11.89528389699041,-5.556313993174031,-0.4368600682593817,-1.345020167545761,-3.164753335401799,-3.338504498914057,0
20070815,-0.15827793605571608,706118.0,-10.037353592909193,-3.4583729028173504,1.5827793605571046,0.33080088635642446,-0.8388730610952851,-1.7663817663817658,0
20070816,-1.2759170653907563,1517100.0,-9.276714513556673,-2.5492822966507256,2.340031897926598,0.8165869218500351,0.2264752791068515,-0.4912280701754496,0
20070817,0.6557377049180304,1264900.0,-6.6850819672131845,0.29803278688523854,5.14032786885243,3.1754098360655347,2.6065573770491626,2.845901639344246,0
20070820,0.43060616098045373,858000.0,-5.666280225240208,1.4537926465717135,6.155680688969833,3.8241139450149135,3.136800264988404,3.2527326929446696,0
20070821,0.234820530023483,1447100.0,-4.414793693391541,2.8658168399866004,7.398859443139864,4.602482388460248,3.726937269372696,2.9453203622945323,1
20070822,1.3454423141607754,1334300.0,-4.1024217961655545,3.2499159098553547,7.589640094180935,4.3995963673057625,3.1752438614194385,1.9710729902455502,1
20070823,0.9511315185306747,865100.0,-6.423253525746214,0.8104296490652779,4.888816005247612,1.536569367005595,0.5903574942604123,-1.1347982945227948,1
20070824,-0.4516129032258083,731400.0,-7.885161290322644,-0.6980645161290328,3.1393548387096724,-0.2677419354838658,-0.6258064516129003,-2.4387096774193555,0
20070827,-0.42166720726564716,608200.0,-7.304086928316613,-0.008108984755101287,3.643853389555628,0.28381446642879854,-0.18812844631852038,-1.485566007135913,0
20070828,-0.5220228384991848,767200.0,-6.687438825448641,0.7158238172920074,4.168352365415986,0.8548123980424158,-0.11745513866232093,-0.3588907014681874,0
20070829,-0.10053619302949443,1989600.0,-4.065851206434371,3.556300268096513,6.843833780160851,3.491957104557622,2.0073726541554966,2.419571045576412,0
20070830,-0.1684068710003392,612200.0,-3.494779386999041,4.187605254294368,7.207140451330406,3.8969349949477943,1.9636241158639336,2.3981138430447833,1
20070831,1.2219959266802425,551300.0,-2.663272233537039,5.0801086218601395,7.856754921928058,4.317718940936882,2.4066530889341466,2.15207060420911,1
20070904,-2.9194630872483254,723856.0,-3.6882550335570703,3.9714765100671094,6.422818791946325,2.7969798657718266,1.1073825503355765,0.2953020134228101,1
20070905,2.4485798237022527,1097600.0,-6.205680705191026,1.2654260528893326,3.435847208619008,-0.20731309174011645,-1.3646751550767198,-2.435520731309181,0
20070906,0.06531678641410703,606500.0,-6.079033311561117,1.4128020901371676,3.3605486610058777,-0.4327237099934924,-1.0418027433050379,-1.8941868060091502,0
20070907,-1.746442432082803,848200.0,-6.899256144890085,0.5446313065976889,2.2774902975420446,-1.3357050452781494,-1.862871927554982,-2.050452781371282,1
20070910,0.22928267278087222,686800.0,-5.62168358991161,1.9256469046839328,3.4713396659023883,0.07042253521125474,-0.7631837536849134,-0.09826400262037713,0
20070911,0.6223386832623574,841000.0,-5.533573534228683,2.0245660006550876,3.322633475270221,-0.034392400917120355,-0.8614477563052673,0.3799541434654543,0
20070912,0.09852216748768847,788200.0,-5.195894909688056,2.398029556650246,3.4607553366174137,-0.06403940886697417,-0.6666666666666531,0.5254515599343307,1
20070913,1.211922698984597,1142500.0,-5.355060596135025,2.2240419259744346,3.0245660006550845,-0.49950867998688603,-0.7009498853586591,0.20307893874877553,1
20070914,-0.5414012738853444,968000.0,-7.8765923566879446,-0.48694267515924355,0.07133757961781523,-3.2484076433121123,-2.9076433121019005,-2.2675159235668785,0
20070917,-0.12865873271148007,542000.0,-6.86056609842398,0.6198134448375523,0.9604374396911977,-2.1888066902541077,-1.4152460598263148,-0.9327758121582476,1
20070918,-0.09664948453607469,704200.0,-6.6154961340206695,0.8865979381443123,1.0019329896906872,-1.8943298969072198,-0.8569587628865923,-0.44458762886598485,1
20070919,0.3816793893129689,935400.0,-7.713104325699804,-0.2738549618320782,-0.38422391857509475,-2.883269720101796,-1.8606870229007662,-1.0814249363867678,1
20070920,-0.15664160401002727,393600.0,-9.00266290726823,-1.6331453634085324,-1.946115288220568,-4.000626566416043,-2.9291979949874642,-1.6979949874686655,0
20070921,1.0708661417322942,604200.0,-8.4198425196851,-0.9662992125984334,-1.49165354330709,-3.2881889763779544,-2.14803149606301,-0.9511811023622035,0
20070924,-0.6931316950220506,521800.0,-8.30103969754258,-0.8657844990548287,-1.5620667926906198,-3.1411468178953883,-1.7359798361688672,-0.510396975425339,1
20070925,-0.3779527559055149,535900.0,-8.23574803149612,-0.8633070866141866,-1.6730708661417273,-3.026771653543291,-1.3826771653543422,-0.09448818897638153,1
20070926,2.394454946439829,503400.0,-8.11011342155015,-0.7983616887208543,-1.768115942028973,-2.8245116572148476,-0.9451795841209852,0.1260239445494505,0
20070927,-0.31094527363182317,923800.0,-9.206623134328416,-2.0649875621890588,-3.1424129353233727,-3.7328980099502322,-1.731965174129349,-1.0323383084577138,1
20070928,3.0927835051546455,982100.0,-8.681505779443984,-1.5732583567635188,-2.7578881599500034,-2.9194001874414353,-1.0809122149328338,-0.4061230865354657,0
20071001,-0.18535681186282105,747100.0,-9.593296261971021,-2.6265060240964107,-3.8937287611986315,-3.549582947173323,-1.7856039542786404,-1.124497991967863,0
20071002,0.46904315196998786,491200.0,-8.39477798624146,-1.41994996873048,-2.764853033145716,-2.0325203252032695,-0.29393370856784756,0.22514071294558843,0
20071003,-0.3420398009950231,426200.0,-8.812966417910484,-1.930348258706465,-3.3650497512437823,-2.3429726368159285,-0.6281094527363128,-0.07462686567164463,0
20071004,0.12468827930174299,248100.0,-8.497038653366621,-1.6564837905236953,-3.1571072319201954,-1.8718827930174684,-0.33042394014962,0.12468827930174299,0
20071005,0.0626174076393224,361600.0,-8.008922980588641,-1.1906700062617466,-2.7413901064495776,-1.2820914214151573,0.16593613024421047,0.5197244834063881,0
20071008,-0.12547051442910648,367700.0,-7.742628607277316,-0.9761606022584677,-2.5552070263487927,-0.8845671267252087,0.3983688833124181,0.40150564617313855,0
20071009,0.34515218073423104,1120800.0,-7.6208032632570175,-0.9237527455287201,-2.4587386256667596,-0.6432381550047013,0.4675243175400203,0.36397866331973533,0
20071010,-0.28571428571428525,1039600.0,-6.450158730158755,0.24825396825397614,-1.2660317460317392,0.6904761904761715,1.571428571428552,1.1238095238095098,0
20071011,0.19329896907217228,717800.0,-4.98453608247425,1.7152061855670186,0.23582474226805247,2.2648195876288755,2.7158505154639174,1.9523195876288597,0
20071012,0.2623811085601897,369200.0,-3.1969498196130117,3.5365693670055944,2.050508363397846,3.9603148573302827,4.0701869465398595,2.8402755001639988,0
20071015,-0.06508298080051927,675800.0,-3.878457533355047,2.7188415229417497,1.1864627399934897,3.089814513504708,2.7237227465017773,1.2886430198503,0
20071016,0.0,707400.0,-3.2994766110566127,3.2427216225057447,1.6375531566895603,3.5525024533856677,2.800130847235846,0.9682695453058418,0
20071017,0.944625407166121,857200.0,-3.6335504885993632,2.7964169381107586,1.1244299674267164,2.9934853420195457,1.8892508143322537,0.01954397394136882,0
20071018,-0.29431000654022194,893000.0,-3.181000654022265,3.188685415304113,1.4153041203400927,3.1785480706344056,1.7985611510791508,0.11118378024852493,0
20071019,-0.258899676375399,772300.0,-4.10906148867314,2.120388349514577,0.388996763754047,1.9724919093851039,0.4077669902912661,-0.6601941747572836,0
20071022,-0.565912117177091,688000.0,-1.310752330226391,5.02130492676432,3.2896138482023938,4.608854860186404,2.669773635153116,1.7243675099866869,1
20071023,-0.30170968823332167,551300.0,-0.5568219912839667,5.726785115655384,3.926919208850134,5.023466309084814,2.7086825343613805,1.9443513241702928,1
20071024,-0.36593479707251975,563700.0,-1.254823685961429,4.8689288090485805,2.98735861610113,3.9404524284763807,1.4437791084497709,0.7385229540918326,1
20071025,0.6018054162487453,833400.0,-0.6999331327315418,5.340020060180545,3.3915078569040515,4.085590103644258,1.574724172517553,0.795720494817797,0
20071026,0.6976744186046422,770700.0,-1.2617940199335766,4.622923588039869,2.655813953488367,3.111295681063119,0.803986710963458,-0.37209302325582017,0
20071029,-0.09980039920158877,531000.0,-1.0628742514970226,4.72122421823023,2.76314038589489,2.8642714570858425,0.7152361942780983,-0.22621423819029074,1
20071030,0.06637902422834242,580900.0,-1.2235313640889676,4.443743776966499,2.520411549950226,2.318287421174918,0.3352140723531216,-0.258878194490539,1
20071031,0.13289036544850216,750000.0,-1.0533222591362423,4.502990033222614,2.641860465116283,2.0780730897010047,0.23588039867108954,-0.13289036544850216,0
20071101,-1.1760862463247286,760700.0,-2.6231623652401495,2.742894478928492,0.9892192094086942,0.13721006207123537,-1.42437112054884,-1.3394315583142768,0
20071102,-0.30354131534569934,625766.0,0.5951096121416137,6.031365935919078,4.202360876897141,2.9932546374367717,1.345699831365939,1.551433389544679,1
20071105,-0.2012072434607603,841479.0,0.07696177062370009,5.374916163648576,3.5291750503018178,2.060697518443984,0.6941649899396284,0.8115358819584201,1
20071106,-1.6988674217188475,1055400.0,-0.5324783477681976,4.612924716855448,2.785476349100617,1.0726182544969873,0.08660892738175667,0.06662225183212235,0
20071107,0.36666666666666475,1237470.0,-0.40966666666669477,4.618000000000025,2.810666666666677,0.89000000000001,0.13333333333334232,0.06666666666667709,0
20071108,-0.5544005544005549,1048702.0,3.5635828135827747,8.637907137907158,6.803880803880815,4.497574497574491,3.72487872487871,2.8066528066528025,1
20071109,-1.2127512127512055,824000.0,3.602564102564053,8.518364518364523,6.746361746361757,4.215176715176727,3.2952182952182967,2.259182259182263,0
20071112,-0.8327550312283206,941480.0,3.784698126301142,8.551006245662752,6.850104094378914,4.0284524635669845,3.0083275503122864,1.7071478140180463,0
20071113,0.2805049088359111,734700.0,4.906732117812037,9.541725105189377,7.884291725105226,4.763323983169741,3.5273492286115142,1.7251051893408167,0
20071114,0.035298270384756664,677252.0,5.631839039887013,10.139428168019789,8.44546417225559,5.047652665019426,3.596893752206149,1.2283798093893363,0
20071115,-0.5687877710629227,777346.0,6.3986846782793885,10.774617845716339,9.039459651617515,5.359047280483471,3.451830785638109,1.4290792747955703,0
20071116,0.5345687811831865,995033.0,6.671952957947235,10.90484675694943,9.107626514611567,5.115823235923026,3.1432644333570847,1.1119030648610038,0
20071119,-0.8648648648648591,719026.0,7.862882882882858,11.981621621621645,10.126126126126147,5.877477477477478,3.5495495495495346,1.470270270270262,1
20071120,0.0,950500.0,8.920851528384258,12.888282387190719,10.986171761280952,6.490174672489058,3.6426491994177628,1.7103347889374048,0
20071121,-0.7173601147776159,680900.0,7.359038737446187,11.103658536585396,9.209469153515073,4.57137733142036,1.3952654232424655,-0.07173601147774757,1
20071123,0.036630036630029346,284300.0,9.62527472527469,13.25347985347986,11.2930402930403,6.315018315018316,2.9780219780219737,1.4432234432234372,0
20071126,0.25243418680129925,764345.0,7.916516408222109,11.309051568698184,9.302560403894695,4.239091236927501,0.9736747205192917,-0.36783267219619137,0
20071127,0.22058823529412602,788178.0,10.001654411764678,13.272794117647083,11.146323529411779,5.744485294117648,2.345588235294124,1.1691176470588287,1
20071128,0.03601008282319612,906729.0,7.733345336694232,10.762333453366962,8.629456247749383,3.149081742888013,-0.025207057976238564,-0.6985956067698922,1
20071129,-0.31358885017421556,1071400.0,4.246341463414591,7.022299651567943,4.9184668989547164,-0.43728222996515276,-3.1358885017421554,-3.344947735191629,1
20071130,1.5141087405368248,769882.0,2.9642119752236256,5.562973158981412,3.4218857536132226,-1.9373709566414397,-4.01582931865106,-3.3310392291809925,0
20071203,0.9233926128591079,822600.0,2.337551299589538,4.788987688098488,2.6135430916552753,-2.6111491108070912,-4.203146374828987,-2.8932968536251713,0
20071204,-0.9046624913013153,891800.0,4.113256784968611,6.451635351426592,4.189979123173291,-1.1047320807237389,-2.1920668058455206,-0.13221990257480953,1
20071205,-2.77777777777778,670600.0,3.889583333333286,6.083333333333342,3.768055555555557,-1.5225694444444486,-1.9374999999999993,0.3749999999999895,1
20071206,0.1042028482111884,519460.0,3.916464050017328,5.948245918721798,3.5991663772143134,-1.698506425842309,-1.5873567210837123,0.4723862452240335,0
20071207,-0.2071823204419968,572800.0,3.301277624309347,5.165055248618794,2.770027624309377,-2.258287292817679,-1.5918508287292767,-0.18646408839779713,1
20071210,0.4166666666666701,591745.0,3.8682291666666258,5.599305555555581,3.118055555555542,-1.7256944444444318,-0.6736111111111078,0.06250000000000236,1
20071211,0.8188331627430979,980862.0,2.075742067553698,3.6274309109519245,1.1149778232685286,-3.3520982599795106,-1.6820197884680947,-1.289662231320369,0
20071212,1.7765630338230258,879400.0,2.236419542193343,3.652886914929994,1.0679877007174696,-3.091902972326606,-1.0351896139391776,-0.8336180389477273,0
20071213,0.35001750087504874,669270.0,4.7801890094504484,6.035351767588402,3.2929646482324095,-0.6755337766888393,1.344067203360169,1.442072103605177,0
20071214,-0.8653513326410521,980020.0,3.6754932502595676,4.732087227414344,1.9280027691242596,-1.6441675320180043,0.16268605053651988,0.26998961578400626,0
20071217,-0.5001786352268561,734500.0,7.050196498749541,7.9535548410146815,4.923186852447303,1.5058949624866087,2.9367631296891847,2.91532690246515,0
20071218,0.10764262648007746,562900.0,7.5514890563329535,8.276282741298925,5.087190527448856,1.9644779332615694,3.0678148546824686,2.3250807319698588,0
20071219,0.25353132922854144,655700.0,8.59507424846068,9.17964505613911,5.768199927562468,2.9482071713147415,3.607388627308967,2.086200651937706,0
20071220,0.18268176835952032,753600.0,9.581841432225053,10.013153087321914,6.3938618925831205,3.757763975155283,3.9970770917062652,2.104493971501659,1
20071221,0.8820286659316371,689511.0,10.256339581036366,10.541345093715575,6.737963983829465,4.351341418596121,3.9654538772509995,1.4700477765527458,1
20071224,-0.07235890014471626,201560.0,8.572358900144701,8.722141823444328,4.871201157742399,2.7116497829233164,1.9283646888567083,-0.36179450072359415,0
20071226,-0.07267441860464961,351600.0,9.074672965116257,9.042151162790718,5.095203488372082,3.217659883720932,1.7223837209302335,-0.1816860465116047,0
20071227,-0.6521739130434772,452309.0,8.796739130434746,8.575000000000019,4.575362318840562,2.887681159420292,0.8224637681159302,-0.47826086956522257,1
20071228,-0.36941263391208506,685591.0,10.95677872183225,10.519763575914334,6.354636128555577,4.60103435537494,2.2423346878463217,1.24861470262282,1
20071231,-0.29143897996356394,419735.0,9.454644808743149,8.816757741347962,4.654280510018214,2.8597449908925454,0.3023679417122241,0.02185792349726859,0
20080102,0.18429782528566427,928700.0,10.775156653151472,9.974935495761187,5.610762992996662,3.6841135274603802,1.1684482123111084,0.825654257279778,0
20080103,0.03716090672612993,833655.0,11.709030100334422,10.772575250836137,6.24154589371977,4.191750278706775,1.6387959866220696,1.1965811965811934,0
20080104,-0.6734006734006723,768400.0,12.488963711185894,11.352413019079691,6.725028058361349,4.506172839506157,1.9940142162364296,1.2270856715301137,0
20080107,0.7271335629544634,1131282.0,15.083620359739722,13.675851511672432,8.874856486796755,6.396861844623032,3.861461921163415,2.83199387676999,1
20080108,0.45801526717557633,1315366.0,14.784541984732776,13.166412213740445,8.300763358778577,5.5858778625953915,3.198473282442752,1.603053435114497,1
20080109,-0.18825301204818207,1113472.0,13.238893072289088,11.452183734939755,6.566265060240924,3.7330572289156443,1.393072289156617,-0.20331325301204253,1
20080110,-0.7350238882763663,881044.0,10.547041528849622,8.668871738331491,3.8110988607129306,0.8691657478867915,-1.1429621462697797,-2.366776920249928,1
20080111,-0.7309941520467811,852700.0,9.958698830409286,7.969663742690053,3.0394736842104937,-0.032894736842080545,-1.7726608187134483,-2.4415204678362548,1
20080114,0.8976660682226212,644797.0,8.052423698384121,5.999640933572697,1.0649910233392723,-1.9210053859964227,-3.220825852782785,-2.9228007181328546,0
20080115,-0.2874595759971193,636850.0,8.15325188645338,6.007545813869916,0.9378368666905935,-2.040962989579608,-3.0147323032698607,-1.681638519583171,1
20080116,0.036231884057963806,989355.0,9.076268115941941,6.786231884057975,1.6304347826086543,-1.2952898550724827,-2.036231884057975,-0.10869565217391716,0
20080117,-0.10775862068965925,732900.0,8.162715517241292,5.7521551724137865,0.6120689655172058,-2.1515804597701282,-2.5466954022988495,-0.5172413793103262,0
20080118,0.47636496885306906,1038850.0,10.358189813118281,7.753755954562109,2.4397215097105067,-0.23818248442652154,-0.3774276291681861,1.4364235983876859,0
20080122,-4.284103720405865,1411263.0,13.181134911687256,10.355505449079311,4.802705749718146,2.168357760240531,2.3487410747839292,3.096580232995134,1
20080123,-2.54335260115607,1157817.0,16.04605009633903,13.012331406551073,7.243930635838135,4.52408477842005,4.8554913294797615,4.269749518304434,1
20080124,-0.9701202949165697,1463400.0,16.84284051222343,13.649592549476141,7.753201396973215,4.891346526969332,5.281334885525781,3.577803647652311,1
20080125,1.3452914798206257,1105411.0,12.513266068759247,9.344170403587439,3.6128550074738515,0.8688340807174818,1.2182361733930993,-1.0612855007473934,0
20080128,-0.15157256536566557,771829.0,14.077112542629697,10.748010610079554,4.904130352406214,2.053808260704832,2.2697991663509045,-0.3561955286093128,1
20080129,0.8355488036460403,383740.0,14.320167109760643,10.837067983289,4.991264717052817,2.1458412457273255,1.9255601974933594,-0.34181541967337586,0
20080130,-0.07564296520423439,753974.0,13.831694402420505,10.217851739788182,4.426626323751908,1.529878971255682,0.9757942511346411,-0.3857791225416048,0
20080131,-0.695517774343121,749464.0,16.266615146831455,12.408037094281278,6.517774343122122,3.485316846986094,2.4961360123647633,1.8547140649150078,1
20080201,0.0,863300.0,15.17036753445628,11.206355283307765,5.414241960183771,2.383231240428785,0.8958652373660096,0.42879019908115745,0
20080204,-0.0384172109104939,673563.0,15.540145985401368,11.41797925470607,5.667306953515191,2.602766039185549,0.7606607760276483,0.49942374183635246,1
20080205,-1.3026819923371642,1320715.0,15.208429118773878,10.952490421455908,5.247509578544054,2.3218390804597626,0.2950191570881156,0.053639846743278895,1
20080206,0.037936267071326114,861300.0,14.047610015174444,9.699924127465827,4.138088012139625,1.3429438543247316,-0.538694992412758,-0.993930197268577,0
20080207,-0.6454062262718229,983735.0,14.110478359908814,9.5911161731207,4.1116173120729,1.378132118451037,-0.2467729688686457,-0.5694760820045369,0
20080208,-0.7590132827324586,750170.0,14.044781783681138,9.369639468690654,4.007590132827314,1.1764705882352757,-0.44022770398483185,-0.4326375711574982,0
20080211,0.30757400999614876,898131.0,15.501345636293665,10.605920799692376,5.2318339100345925,2.239523260284477,0.7151095732410472,0.8535178777393224,1
20080212,0.38834951456311234,1368617.0,16.632233009708674,11.50174757281548,6.065242718446594,2.8640776699029153,1.5067961165048471,1.5999999999999963,1
20080213,0.8751902587519041,864334.0,14.257990867579839,9.038432267884252,3.714611872146113,0.49467275494671026,-0.6012176560121677,-0.5098934550989224,1
20080214,1.455223880597017,2379690.0,12.03171641791039,6.738059701492463,1.5201492537313266,-1.6044776119403106,-2.186567164179112,-2.0970149253731387,1
20080215,-0.2109704641350291,1563900.0,5.552039381153245,0.46694796061878274,-4.3551336146273165,-7.172995780590739,-7.011251758087213,-6.272855133614636,0
20080219,2.1855965603726246,1671184.0,7.506807595843708,2.2371909709780855,-2.6026513794339263,-5.2991759226084065,-4.571838050877808,-3.131494088140447,0
20080220,-0.2466525722339686,2676978.0,5.686046511627837,0.4256518675123045,-4.244538407329102,-6.555673009161375,-5.3488372093023155,-2.8823114869626423,0
20080221,1.102418207681361,2173036.0,6.607930298719704,1.210526315789432,-3.418918918918923,-5.305832147937426,-3.84779516358464,-0.6756756756756802,0
20080222,0.6238532110091806,895927.0,9.943486238532039,4.267155963302716,-0.44917431192661467,-2.0110091743119334,-0.4440366972477015,2.8256880733944936,1
20080225,0.14513788098694738,1319324.0,8.64386792452826,2.9198113207546927,-1.6959361393323709,-2.968069666182866,-1.1248185776487618,1.030478955007266,1
20080226,0.248403122782116,1983860.0,6.196948190205775,0.5205819730304899,-3.936124911284616,-4.785308729595463,-2.530163236337819,-1.0007097232079365,0
20080227,-0.6961364427427751,1794300.0,4.1273929690218925,-1.5231465367212214,-5.764009745910194,-6.190393317090141,-3.3588583362339137,-2.652279846849984,0
20080228,-1.0298295454545425,1365950.0,6.18217329545452,0.3309659090908947,-3.908380681818182,-3.9861505681818135,-0.7350852272727425,-0.6534090909090947,0
20080229,-0.5384063173007846,1953394.0,7.272254127781759,1.264895908111999,-2.882986360373271,-2.5969131371141216,0.7142857142857328,0.8542713567839307,0
20080303,-0.07202016564637945,1530832.0,7.562297443284092,1.4450846236946442,-2.5754411235145693,-1.9841555635577903,0.7994238386748337,1.3323730644580392,1
20080304,-0.7999999999999958,2064295.0,8.551272727272705,2.2821818181818476,-1.626909090909046,-0.754545454545453,1.640000000000002,1.8327272727272648,1
20080305,0.1785714285714311,2217000.0,6.554999999999987,0.33071428571428896,-3.338571428571375,-2.1874999999999774,-0.3107142857142848,-0.5071428571428679,0
20080306,-0.5317263381779587,1373496.0,5.701347040056697,-0.5164835164834966,-3.98723856788368,-2.587734845799338,-1.0209145693016544,-1.212336051045724,0
20080307,-0.2884962134872046,1854600.0,7.473855030652703,1.1060223584565683,-2.3187883159033307,-0.6509195816804851,0.8654886404615882,0.40389469888208396,0
20080310,-0.61371841155234,1593900.0,7.53050541516243,1.1061371841155363,-2.1999999999999775,-0.29963898916966936,1.0252707581227398,0.4620938628158721,1
20080311,1.518987341772158,2208433.0,7.664556962025294,1.1833634719710586,-2.0195298372513397,0.17721518987342874,1.0162748643761388,0.7522603978300123,0
20080312,0.28673835125448693,941200.0,6.644623655913971,0.1763440860215146,-2.837992831541213,-0.33512544802866956,-0.186379928315398,-0.2222222222222137,0
20080313,-1.0885341074020216,1354500.0,7.899310595065318,1.3026124818577842,-1.6313497822931535,1.12663280116112,0.8272859216255498,0.537010159651668,1
20080314,0.0,1243222.0,6.341144901610003,-0.2164579606439984,-2.9452593917710197,-0.07871198568871168,-0.5474060822898112,-0.7084078711985703,1
20080317,2.8964518464880546,1514800.0,7.555575669804471,0.8881245474294001,-1.734250543084744,0.9666908037653854,0.586531498913827,0.4199855177407663,1
20080318,1.7148981779206878,1039324.0,6.082886745266142,-0.5112540192925934,-2.943193997856398,-0.3536977491961295,-0.5680600214362234,-0.664523043944253,1
20080319,0.31228313671061714,1418604.0,2.98074253990282,-3.4195003469812573,-5.551700208188775,-3.1471200555169903,-3.147120055517002,-2.8868841082581564,0
20080320,0.0,771965.0,3.397525270128928,-3.024398745207399,-4.950156849076374,-2.6089229696758447,-2.5409550365981146,-1.659114674102484,1
20080324,0.6973500697350046,611829.0,3.381450488144997,-3.040097629009763,-4.769177126917734,-2.325662482566254,-2.175732217573217,-1.1157601115760245,1
20080325,0.3783969728242154,798890.0,1.9563123495011543,-4.374957000344006,-5.918816649466844,-3.3763329893360865,-3.016855865153075,-1.4447884416924723,0
20080326,-0.5163511187607647,805400.0,1.9901893287434995,-4.34629948364889,-5.737693631669567,-3.1600688468158444,-2.468158347676428,-0.6471600688468118,1
20080327,0.9271978021978007,718900.0,1.7050137362636788,-4.609890109890126,-5.877060439560468,-3.3258928571428896,-2.283653846153843,-0.6799450549450441,0
20080328,0.9275163174166939,910389.0,1.704225352112634,-4.628649948471318,-5.756784610099655,-3.129508759876348,-1.7176228100309294,-0.35726554448642805,0
20080331,-0.5445881552076247,788702.0,0.7457454050374074,-5.514295439074203,-6.501701837985046,-3.7610619469026685,-2.134104833219886,-0.7964601769911565,1
20080401,1.1941316956670127,1076800.0,0.9512111907198679,-5.30603889457524,-6.178096212896649,-3.268509041282845,-1.3237802797679787,-0.3957693619924929,0
20080402,-0.5903574942604123,1984494.0,-2.9775336175795686,-8.95539521154479,-9.599212856674356,-6.521810429649061,-4.322728763529008,-3.3060019678583115,0
20080403,0.23907103825136708,1395100.0,0.9865095628415058,-5.217554644808765,-5.68101092896177,-2.4402322404371497,-0.2117486338797854,0.7991803278688463,0
20080404,0.13802622498274378,440305.0,1.9779158040027236,-4.232229123533513,-4.495514147688089,-1.2974465148378111,0.9213250517598448,1.7529330572808803,1
20080407,0.40955631399317743,1265529.0,0.8127986348122415,-5.263139931740643,-5.297610921501727,-2.1075085324232194,0.030716723549477094,0.5870307167235393,1
20080408,0.3001000333444477,735472.0,-1.5438479493164896,-7.4038012670890705,-7.261087029009689,-3.977992664221412,-1.9639879959986617,-1.2737579193064403,0
20080409,-0.33090668431501613,546816.0,-2.336366644606284,-8.052283256121806,-7.713434811383212,-4.283587028457973,-2.3229649238914565,-2.2038385175380673,0
20080410,0.7106598984771603,676200.0,-0.1670050761422056,-5.926226734348612,-5.40304568527922,-1.834179357022002,0.037225042301181836,0.19627749576986894,0
20080411,-0.9054325955734392,683500.0,-1.1123407109323247,-6.721327967806879,-6.03286384976528,-2.3440643863179007,-0.630449362843737,-0.14755197853789564,0
20080414,-0.3051881993896231,413008.0,-0.05103424889798725,-5.629026788741971,-4.7365208545269795,-0.990166158019661,0.5188199389623678,1.0986775178026507,0
20080415,0.580402867873,632768.0,0.5809149880504672,-4.93205872311372,-3.86958006145444,-0.029020143393630595,1.198361215431897,1.311027654489588,1
20080416,0.3456619426201224,662147.0,1.7656412029034858,-3.6989284479779143,-2.4728655375043296,1.3774628413412002,1.9184237815416636,1.6799170411337858,1
20080417,0.5064145847400358,385775.0,-0.653274814314713,-5.883524645509836,-4.507089804186363,-0.849088453747456,-0.3409858203916122,-0.6414584740040555,1
20080418,0.7788689468337299,597802.0,-0.4100914324416517,-5.521164917033579,-4.001354554690144,-0.4046732136809976,0.14900101591601925,-0.5350491026075099,0
20080421,1.173315454240702,701207.0,-1.463962453905542,-6.400938652363446,-4.732819309420034,-1.2135434126718014,-0.6805229634596024,-1.3074086490110648,0
20080422,-0.6160164271047218,651097.0,0.5321697467487535,-4.377823408624277,-2.5475701574264042,0.8744010951403196,1.1293634496919982,0.7049965776865145,1
20080423,0.03484320557491834,711991.0,2.280139372822247,-2.612891986062768,-0.5944250871079902,2.6411149825784315,2.4320557491289336,2.3693379790940883,1
20080424,0.547382825863839,397399.0,0.36058843653774114,-4.36058843653785,-2.1587410195005017,0.7988368114950372,0.46527540198424794,0.24632227163872453,1
20080425,0.4824259131633376,402906.0,1.019297036526484,-3.66988283942113,-1.2618883528600815,1.5127498277050435,0.9166092350103439,0.6202618883528591,0
20080428,0.3395585738539947,709713.0,-0.5137521222411439,-5.069269949066258,-2.523599320882846,0.04244482173174632,-0.5704584040747004,-1.1069609507639964,1
20080429,2.981494174091847,3350604.0,0.335332419465318,-4.175805346127516,-1.5709389993145904,0.9458533241946532,0.31185743660040277,-0.21932830705964226,1
20080430,2.8948214860083583,1332412.0,-5.859761981344551,-9.989064007719556,-7.413316178835627,-5.159215181730457,-5.155998713412666,-4.811836603409452,0
20080501,0.8706868752015465,2151515.0,-5.6609158336021315,-9.685262818445683,-7.004837149306676,-4.63560141889713,-4.4630764269590575,-3.418252176717195,0
20080502,0.7715531700771567,749580.0,-1.9273733646428042,-6.021133847702132,-3.1479369339147754,-0.6574974840657549,-0.5233143240523394,0.9996645420999607,0
20080505,-0.37402244134647883,1014244.0,-0.6565793947637623,-4.722203332199956,-1.6837810268616014,0.7123427405644528,0.6868412104726342,2.346140768446111,1
20080506,-0.44982698961937373,1067186.0,1.021280276816546,-3.055017301038085,0.14394463667822172,2.3010380622837587,2.3529411764706,3.9584775086505255,0
20080507,0.5429250084832037,872373.0,-0.9869358669834417,-4.923311842551762,-1.705463182897854,0.1951136749236666,0.6345436036647478,0.848320325755005,0
20080508,0.45968882602545613,662331.0,3.094943422913636,-0.9328147100424699,2.3988684582743987,4.1867043847242025,4.533239038189533,3.1612446958981555,0
20080509,-0.5321035828307985,718770.0,3.3456899609789925,-0.641362185172077,2.7279177013125038,4.23022348350476,4.572543455125911,2.341255764455481,1
20080512,-1.8761061946902695,459773.0,3.058407079645945,-0.8431858407079865,2.53734513274336,3.7893805309734234,3.925663716814153,1.3026548672566447,0
20080513,0.45968882602545613,956362.0,2.8863154172559113,-0.9338755304102183,2.464639321074974,3.500707213578495,3.497171145685987,0.7567185289957519,1
20080514,0.975081256771396,1253110.0,5.022029613578816,1.1798483206933612,4.661610689779694,5.482123510292514,4.474539544962057,1.6179126038280853,1
20080515,-0.7347795661301515,942716.0,1.7134359692091599,-1.9286214135759447,1.4429671098670334,2.0153953813855865,0.3708887333799918,-1.3365990202939044,1
20080516,-0.28001400070004145,552334.0,1.7163108155406879,-1.8466923346167543,1.5036751837591777,1.8830941547077489,-0.028001400070000418,-1.0360518025901273,1
20080519,-0.35063113604487334,566479.0,1.8618513323982382,-1.643758765778407,1.7370266479663399,1.832047685834505,-0.16479663394110852,-0.6732117812061842,1
20080520,-0.6309148264984217,598930.0,1.769540834209508,-1.6428321065544982,1.7595513494566957,1.6754293725902611,-0.32947774272695823,-0.5327725201542147,0
20080521,0.5596362364463104,891933.0,1.5003497726476809,-1.8146204966771433,1.6117523609653566,1.4428121720881601,-0.8464498076250344,-0.11192724728924966,0
20080522,0.10600706713780066,446629.0,2.475618374558221,-0.7650176678445101,2.6812720848056437,2.3180212014134236,0.17667844522968448,0.7137809187279087,1
20080523,0.0,389514.0,1.5143607705778448,-1.595446584938694,1.8514886164623372,1.3397548161120976,-0.5744308231173307,-0.1821366024518375,0
20080527,0.49295774647887525,616115.0,2.0130281690140093,-1.030985915492932,2.4211267605633795,1.6901408450704365,0.003521126760567684,0.2605633802816959,0
20080528,0.14054813773717198,755661.0,1.7772312016865053,-1.1851721714686996,2.2642304989458673,1.3492621222768935,-0.14406184118060567,-1.2483182286719961e-14,0
20080529,-0.2491103202846985,531629.0,3.0265124555159333,0.12953736654806952,3.5822064056939205,2.1156583629893113,1.281138790035585,0.9323843416370122,1
20080530,0.1771165426850893,649853.0,2.481225646475318,-0.25717321997872555,3.0634077222812572,1.153028692879921,0.690754516471852,0.41799504073681226,0
20080602,3.149055283414983,700968.0,1.1735479356192517,-1.395381385584305,1.7935619314205582,-0.3009097270818703,-0.5388383484954262,-0.7907627711686339,0
20080603,-3.8297872340425467,890603.0,2.481028368794257,-0.008510638297839906,3.131205673758837,0.8280141843971736,0.6879432624113694,0.4042553191489515,1
20080604,-0.8187967248131024,823297.0,2.8394446422213395,0.41438234247066347,3.4652901388394377,1.0786756852972872,0.9255962976148278,0.5339978640085515,1
20080605,0.42447824548992213,767728.0,2.150689777148848,-0.19278386982664938,2.751326494517128,0.22285107888220315,0.1697912981959739,0.01414927484966868,1
20080606,-1.0471204188481578,932601.0,0.7755671902267922,-1.4886561954624562,1.3556719022687511,-1.0418848167539043,-1.0366492146596755,-1.0191972076788638,0
20080609,-0.45742434904997376,739937.0,1.5680858550315824,-0.6706544686840124,2.127375087966213,-0.20056298381422294,-0.2814919071076896,-0.3307529908515172,0
20080610,-0.504141159524669,690075.0,3.896471011883234,1.6604249189773201,4.401872524306782,2.0489737126395102,1.8257111991357378,1.6924738926899492,0
20080611,-0.5837285662167098,864804.0,5.195549069682491,2.97993433053629,5.634439985406758,3.230572783655589,2.7800072966070664,2.5319226559649857,1
20080612,-0.18552875695733104,750085.0,6.919109461966509,4.7250463821892605,7.1747680890537975,4.8552875695733055,4.107606679035248,3.3024118738404344,1
20080613,1.3503649635036534,746853.0,5.103832116788232,3.033941605839425,5.277372262773702,2.917883211678839,2.094890510948911,0.6934306569342983,0
20080616,-0.4341534008683104,540560.0,4.151410998552729,2.200434153400894,4.266280752532541,1.856005788712005,0.8683068017366208,-0.7452966714906044,0
20080617,0.9786154403769466,836811.0,4.3021022109459155,2.451612903225823,4.3312794490757405,1.8720550924247938,0.8300108735048902,-0.6959043131569287,0
20080618,-1.0626603151337455,699117.0,5.408941004030711,3.597288384023452,5.280322462440451,2.7647489923048743,1.645291315500176,0.3078050567973473,0
20080619,0.9349289454001496,894755.0,7.519820493642403,5.7412116679132374,7.185489902767371,4.532535527299898,3.1637995512340935,2.213911742707563,0
20080620,-0.14869888475836116,826971.0,6.810966542750846,5.133457249070647,6.350929368029731,3.6505576208178283,1.8996282527881145,1.234200743494453,0
20080623,1.086549269389281,1769723.0,7.577744473585509,5.970026227051326,6.9531659797676975,4.117647058823517,2.0532034469838827,1.3188460097414774,0
20080624,-0.15009380863039082,611900.0,7.659099437148131,6.157973733583496,6.900562851782359,3.9455909943714853,1.7861163227016852,0.7654784240150251,1
20080625,0.4106009705113827,981034.0,7.026689063083155,5.628219484882431,6.155281821575218,3.090705487122072,1.0227696901829209,-0.13437849944008143,1
20080626,-0.10881392818281152,867054.0,3.945048966267592,2.695683714182075,3.0533188248095726,0.07798331519766441,-1.610446137105559,-2.357635110627501,0
20080627,-0.2935779816513699,1037251.0,5.1069724770641365,3.9438532110091615,4.089541284403682,1.0733944954128456,-0.5100917431192636,-0.9541284403669782,0
20080630,0.14886490509861983,521622.0,6.52530703386669,5.432824711574238,5.363602530703408,2.1845924823222918,0.6103461109043465,0.5805731298846252,1
20080701,-0.8097165991902923,744454.0,5.2712550607286595,4.299227088700743,4.004416635995599,0.8667648141332288,-0.6551343393448686,-0.14722119985277565,1
20080702,-0.25706940874036094,847349.0,4.9684171869261124,4.101726037458663,3.6290855673889317,0.48659566654425374,-0.8960705104663964,-0.04406904149834908,1
20080703,0.6245407788390952,423140.0,4.936811168258575,4.18442321822188,3.558412931667912,0.3306392358559747,-0.6833210874357089,-0.26451138868477453,0
20080707,0.4770642201834826,1327620.0,4.7444036697247105,4.124770642201817,3.2990825688073557,-0.03669724770642775,-0.664220183486242,-0.3743119266054927,1
20080708,0.33003300330032953,1095369.0,4.582324899156533,4.084708470847062,3.094976164283099,-0.3208654198753417,-0.5243857719105268,-0.15401540154015986,1
20080709,-0.1440403312927589,906067.0,2.6276557436081505,2.2455887648541326,1.1177529708318379,-2.115592365862462,-1.9121353979114237,-1.5196254951386539,1
20080710,0.0,1059454.0,1.2142857142856618,0.8905472636815743,-0.285714285714289,-3.272921108742002,-2.722103766879905,-2.1677327647477136,1
20080711,-0.7417873542917601,943152.0,0.5457435535146297,0.2988343341575353,-1.080890144825141,-3.613564111621334,-3.0448604733309725,-1.9851642529141562,1
20080714,0.4572634540977805,790024.0,0.06313753077731944,-0.1227576503693545,-1.67991558213156,-3.8392543088287017,-3.0390432641575953,-1.5687653886739414,0
20080715,-0.3863716192483296,1082571.0,-0.14225500526873427,-0.2507903055848531,-1.9121882683526503,-3.828591499824364,-2.613277133825078,-0.8640674394099004,1
20080716,-0.5621925509487005,564434.0,-0.16953619114551535,-0.17322557976110134,-1.944483485593828,-3.6419536191145596,-2.1257905832747728,-0.3443429374560751,1
20080717,0.49261083743841316,1388588.0,-0.09852216748771761,-0.00246305418722388,-1.840253342716408,-3.307529908515135,-1.5693173821252693,-0.007037297677700367,1
20080718,-4.687500000000008,1341487.0,-3.602921195652188,-3.424252717391312,-5.243206521739134,-6.199048913043476,-4.225543478260856,-2.7038043478260967,1
20080721,-4.076177748078847,992612.0,-5.218342799866366,-4.96525225526228,-6.6842632809889695,-7.228533244236525,-4.898095556298032,-3.2943534914801225,1
20080722,0.7164790174002077,1281267.0,-3.260661890139897,-2.9157284203343736,-4.633913340156956,-4.819174343227573,-2.1903787103377668,-0.6755373592630394,1
20080723,0.4352192835620991,965747.0,-5.108972212922693,-4.668563776364271,-6.313357884164748,-6.064613324405766,-3.3210579176431354,-1.593572145965861,0
20080724,0.33366700033367175,961301.0,-5.45745745745747,-4.91324657991326,-6.513179846513198,-5.847514180847506,-3.0330330330330297,-0.8875542208875483,0
20080725,0.30303030303030254,536692.0,-4.634511784511791,-3.974747474747494,-5.527946127946164,-4.632996632996649,-1.6835016835016834,0.18855218855219172,0
20080728,-0.673400673400671,613976.0,-4.664814814814811,-3.9175084175084267,-5.452525252525285,-4.220538720538729,-1.2558922558922596,0.033670033670038936,0
20080729,0.2729443875810367,644238.0,-3.425793244626411,-2.6015011941317177,-4.14397816444902,-2.5298532923916945,0.3445922893210356,1.3647219379051472,0
20080730,0.17140898183063816,825436.0,-2.984916009598913,-2.0846760370243653,-3.6393555022283355,-1.719232087761399,1.0695920466232591,1.3712718546451907,0
20080731,-0.9589041095890328,934547.0,-3.11078767123286,-2.1339041095890563,-3.692465753424666,-1.4828767123287545,1.2328767123287774,0.7397260273972761,1
20080801,-0.13821700069109433,839627.0,-2.2684865238424243,-1.2100898410504526,-2.803040774015202,-0.3006219765031212,1.96959225984795,1.119557705597782,1
20080804,-0.7809847198641781,644634.0,-3.982173174872668,-2.868251273344675,-4.408149405772501,-1.653650254668949,0.04074702886246826,-0.8013582342954182,1
20080805,0.03400204012241266,1089101.0,-3.871472288337289,-2.6732403944236807,-4.219653179190738,-1.1560693641618494,0.2108126487589295,-0.5984359061543637,0
20080806,-2.0882452004041796,1111987.0,-4.798416975412596,-3.5325025261030887,-5.036039070394073,-1.7649040080835687,-0.7948804311216039,-1.1855843718423722,0
20080807,-0.8547008547008548,1189140.0,-3.3798290598290537,-2.0256410256410415,-3.553504273504275,-0.09743589743592543,0.4512820512820441,0.33504273504274373,0
20080808,-0.35260930888574704,495784.0,-0.3735895627644319,1.0620592383638856,-0.5084626234132381,3.0465444287729224,3.131170662905494,3.0747531734837796,1
20080811,-0.10471204188480833,907176.0,-1.4066317626526883,0.03315881326351003,-1.486212914485162,2.0418848167539423,1.720767888307138,1.4729493891797456,0
20080812,0.34940600978336084,663934.0,-1.3258211041229857,0.13556953179591644,-1.3801537386442908,2.175052410901463,1.5863032844164942,1.027253668763092,0
20080813,0.5641748942172078,894975.0,-0.45186882933707484,1.0423131170662916,-0.4647390691114062,3.094146685472501,2.232016925246836,1.0155148095909867,1
20080814,1.3060360042357961,3540626.0,-0.3769855277091164,1.1231909636427975,-0.3423932227320406,3.1874338157430246,2.033180374161668,0.47299682315566666,1
20080815,0.7447528774543075,2702161.0,-4.467670954637777,-3.00236966824646,-4.338524035206479,-1.0223425863236517,-1.9431279620853015,-2.8436018957345968,1
20080818,-0.5220228384991848,1119469.0,-7.918433931484501,-6.465252854812423,-7.672430668841755,-4.489396411093001,-5.102773246329516,-5.057096247960839,0
20080819,-0.5249343832021002,1108413.0,-7.406988188976371,-5.898622047244125,-7.022309711286076,-3.7647637795275504,-4.222440944881887,-3.307086614173237,0
20080820,0.0,892748.0,-4.815008431703192,-3.255311973018572,-4.292748735244508,-1.1079258010117865,-1.554806070826302,0.26981450252950523,0
20080821,-1.0200612036722227,629570.0,-4.045222713362785,-2.462427745664775,-3.375722543352598,-0.39612376742602834,-0.6970418225093448,1.8225093505610264,1
20080822,1.3856032443393043,1108173.0,-4.636194660358211,-3.086177762757712,-3.785062521122004,-1.020615072659681,-0.8854342683339101,1.2369043595809384,1
20080825,0.1299967500812452,585072.0,-8.280792980175466,-6.754306142346449,-7.255768605784849,-4.642508937276578,-3.9974000649983763,-2.5674358141046563,0
20080826,-0.3976143141153115,864557.0,-6.465871438038399,-4.891650099403585,-5.27435387673956,-2.63419483101391,-1.6037110669317487,-0.8614976805831728,0
20080827,-0.2011397921555438,670608.0,-5.3521622527656385,-3.757961783439498,-4.01273885350317,-1.3811599061347368,0.04358028830037438,0.4223935635266551,1
20080828,0.674991562605465,646858.0,-4.699628754640537,-3.1204859939250698,-3.2068849139385596,-0.6429294633816961,1.1576105298683645,1.248734390820094,1
20080829,0.09993337774817168,1104964.0,-5.912724850099905,-4.3857428381079195,-4.2458361092604795,-1.753830779480342,0.0033311125915978326,0.2198534310459777,1
20080902,1.8115942028985532,1125180.0,-6.932971014492726,-5.429841897233185,-5.090250329380743,-2.704216073781273,-1.2121212121212075,-1.1725955204216127,0
20080903,-0.42553191489361375,1093215.0,-7.472176759410767,-5.99410801963992,-5.427823240589189,-3.1227495908346876,-1.8036006546644792,-1.5450081833060716,0
20080904,-1.0693454309786075,938644.0,-8.356286454957838,-6.894037589112088,-6.1049902786778905,-3.906351263771864,-2.397926117952025,-1.8664938431626719,0
20080905,-0.4294681202510704,756743.0,-6.528410967955038,-5.0469111331350796,-4.044928972580098,-1.864882722167182,-0.21143045920054052,0.469111331351171,1
20080908,1.534356237491664,631123.0,-5.582555036691087,-4.093395597064673,-2.955970647098049,-0.6454302868579178,0.8839226150767078,1.414276184122735,0
20080909,1.0237780713342097,895107.0,-6.478368560105641,-5.021796565389644,-3.7173051519154274,-1.3606340819022424,-0.27741083223248375,0.3566710700132001,0
20080910,0.6046355391333548,845322.0,-4.834732952636845,-3.3866308364124555,-1.87302653678195,0.5223379240846489,1.293248236479683,1.5518978837756123,0
20080911,-0.8840530431825964,918478.0,-3.64127847670856,-2.218293097585807,-0.5195511730703573,1.9313158789527298,2.3903434206052343,1.8089085345120708,1
20080912,-0.06777363605558497,724527.0,-3.928668248051459,-2.5398170111826057,-0.7021348695357394,1.7858353100643642,2.0027109454422143,0.948830904778033,0
20080915,-1.242861941551901,700693.0,-4.7341283170977135,-3.355055424924359,-1.3980517299294348,0.9355055424924458,1.02788041652672,-0.07389989922740499,0
20080916,-4.115646258503392,2438187.0,-3.5232993197278426,-2.132993197278847,-0.010884353741471233,1.99319727891156,1.972789115646265,0.5850340136054564,0
20080917,-1.338028169014081,1979564.0,-0.13785211267600403,1.2911971830986597,3.589436619718351,5.218309859154927,4.806338028169034,3.1619718309859266,0
20080918,1.036653091447603,1856508.0,4.960014809329919,6.413550536838268,8.864124398371006,10.144390966308768,8.774527952610148,6.6938171047760076,1
20080919,2.300949598246905,1450038.0,3.5168005843682084,4.909788166545003,7.337472607742905,8.285244704163635,6.249086924762608,3.6961285609934404,1
20080922,2.439024390243907,1538124.0,0.17797808412871097,1.436196535878471,3.8833510074231468,4.572287027218092,2.234004948745157,-0.685754683633777,1
20080923,1.733102253032929,1133939.0,-1.7655112651646123,-0.6076256499132957,1.896013864818063,2.209705372616994,-0.24610051993066878,-2.994800693240904,0
20080924,-0.1364256480218252,972948.0,-3.334072305593406,-2.2175989085947734,0.32060027285132436,0.42462482946795604,-1.9986357435197766,-3.9222373806275654,0
20080925,1.5151515151515196,931673.0,-2.3978994490357843,-1.2875344352616556,1.3278236914600923,1.25688705234158,-1.1811294765840343,-1.5977961432506842,0
20080926,-0.9621993127147805,804911.0,-2.6027491408934478,-1.48419243986249,1.1656357388316332,0.9570446735394981,-1.5257731958763099,-0.618556701030939,0
20080929,-0.5219206680584502,882141.0,-1.3919624217118884,-0.2755741127348154,2.3841336116910297,1.9989561586638602,-0.6506610995129029,0.9394572025052178,0
20080930,-0.5045045045045066,1299150.0,2.1111711711711867,3.2630630630631012,5.8796396396396355,5.167567567567533,2.2990990990990796,3.747747747747745,1
20081001,-0.5625879043600567,1479730.0,-0.37412095639943993,0.766526019690614,3.2496483825597715,2.2450773558368384,-0.16877637130803577,0.6118143459915469,0
20081002,-0.5168849069607119,1237729.0,-2.3475189524466082,-1.2208821502411955,1.1274982770503024,-0.11543762922123929,-1.4713990351481723,-1.412818745692614,0
20081003,1.2095339736748483,1078072.0,0.8180362860192059,1.970828886517286,4.268943436499463,2.733902525791519,1.977943792244769,1.0743507648523645,0
20081006,-1.9188993482983387,1737268.0,2.6068066618392556,3.7773352643012514,5.968139029688614,4.129254163649514,3.544532947139751,2.056480811006509,0
20081007,0.07490636704119691,878406.0,6.129775280898901,7.28277153558057,9.39475655430711,7.0468164794007455,6.307116104868932,4.786516853932593,0
20081008,-2.0202020202020186,1922163.0,10.05944055944058,11.174048174048206,13.197358197358191,10.256410256410245,8.881118881118887,6.5967365967366,0
20081009,8.663967611336036,1347889.0,14.63400809716599,15.700404858299624,17.601619433198383,13.945344129554663,11.70850202429151,7.587044534412965,0
20081010,-4.175634954799823,2524632.0,21.795738269479106,22.793801119242396,24.52948773138183,19.80413258717176,16.250538097287997,10.193715023676289,1
20081013,0.974025974025978,1091974.0,31.089749536178097,31.979128014842335,33.49072356215214,27.17996289424864,21.924860853432286,13.107606679035252,1
20081014,6.095406360424024,1634683.0,24.738515901060037,25.433303886925806,26.521201413427566,19.6201413427562,13.851590106007079,4.125441696113079,0
20081015,-0.47210300429184304,1877131.0,21.11609442060084,21.654935622317613,22.412875536480676,15.137339055794024,8.420600858369113,-0.9184549356223117,0
20081016,-0.2763703362505862,2025470.0,29.861584523261147,30.256563795485963,30.643021649009654,22.34914785812991,12.994011976047895,3.583602026715809,1
20081017,-2.474134053081425,1997697.0,26.718623481781346,26.929374718848404,26.955465587044504,18.328834907782277,7.705802968960852,0.2609086819613128,1
20081020,-0.6181015452538501,1464281.0,24.278807947019853,24.335099337748346,24.0971302428256,14.88962472406182,3.514348785871962,-0.6357615894039663,1
20081021,-1.0757314974182446,1450178.0,21.06153184165231,20.96385542168675,20.48106712564543,10.765920826161802,-0.602409638554204,-2.6419965576591964,0
20081022,-2.046908315565034,2516787.0,19.91876332622599,19.661833688699367,18.961194029850752,8.522388059701507,-2.4690831556503072,-3.3859275053304922,0
20081023,-0.04380201489267635,1639250.0,23.093736311870323,22.676303109943056,21.707402540516867,10.109505037231713,-0.6395094174331899,0.21901007446342843,0
20081024,-5.846422338568949,1266504.0,22.51679755671899,21.969022687609055,20.75741710296684,8.328970331588128,-1.1649214659685838,0.4275741710296639,1
20081027,0.0,1812281.0,29.5718244803695,28.818013856812918,27.112240184757514,13.04618937644342,4.6743648960739055,5.394919168591238,1
20081028,2.0462633451957335,1365845.0,24.66837188612096,23.787366548042673,21.692170818505325,7.700177935943067,0.7384341637010693,0.8274021352313164,1
20081029,2.6282853566958804,1933382.0,16.838339591155567,15.90696704213597,13.58448060075094,0.07300792657489298,-5.244055068836037,-5.006257822277845,1
20081030,0.24106066693450673,1606848.0,12.465247087183547,11.507030936118882,9.003615910003987,-4.455604660506234,-7.468862997187633,-6.862193652069097,1
20081031,0.659681800543274,1178424.0,8.584594489716673,7.635622817229298,4.998835855646072,-8.17229336437719,-9.254947613504081,-7.830811020566553,1
20081103,-0.4200076365024933,765124.0,6.8222604047345685,5.880488736158808,3.055364642993483,-9.917907598319983,-9.358533791523497,-5.841924398625434,1
20081104,1.586701926709489,882415.0,5.689648658859039,4.725349452210029,1.6403475632791729,-10.914242538723094,-9.097091046467717,-3.823196071023802,0
20081105,-0.3397508493771229,1640483.0,5.620045300113208,4.602869007172507,1.2850132125330138,-10.839939599849004,-8.018120045300122,-1.9932049830124527,0
20081106,-2.0080321285140563,1563923.0,12.34698795180719,11.174297188755004,7.356626506024101,-5.106425702811259,-1.3132530120481998,4.273092369477912,1
20081107,0.08116883116882943,1364897.0,13.489448051947974,12.239853896103861,8.084415584415574,-3.8189935064935163,0.4261363636363653,4.456168831168827,1
20081110,1.739482200647248,530756.0,13.08838996763747,11.794902912621335,7.305825242718451,-3.4911003236246083,1.343042071197414,2.9288025889967506,0
20081111,-1.5725806451612927,812458.0,12.692741935483784,11.349596774193499,6.51129032258064,-3.3669354838709857,1.9516129032257992,1.249999999999995,0
20081112,-1.6666666666666607,870538.0,16.39833333333328,14.949166666666613,9.515833333333362,0.0,5.362499999999995,2.550000000000008,1
20081113,0.8264462809917411,1224800.0,21.449108307959914,19.839930404523674,13.642453240539403,4.671596346237502,9.164854284471522,5.393649412788163,1
20081114,-0.9684210526315807,1237718.0,17.512842105263076,15.877052631578891,9.456842105263167,1.6421052631578674,4.8210526315789455,1.2715789473684194,0
20081117,-1.4394580863674846,986740.0,18.108594411515583,16.347586790855132,9.520745131244734,2.4068585944115015,4.309906858594399,0.8975444538526661,0
20081118,-0.39491004826678305,1603905.0,22.33742869679677,20.389205792013993,12.852128126371257,6.0377358490566095,6.494076349276017,2.808249232119353,0
20081119,0.13020833333333828,1196217.0,20.937934027777725,18.916666666666604,11.043402777777807,4.79817708333333,3.8411458333333557,0.8593750000000018,0
20081120,-1.036970243462581,1901671.0,25.53336339044176,23.30252479711443,14.697024346257914,8.71505861136157,6.64111812443644,4.039675383228137,1
20081121,7.585213634181478,1403483.0,33.53672587614009,30.986557849255796,21.297167546807522,15.259241478636582,11.723475756120997,7.978876620259255,1
20081124,1.3181818181818143,1238194.0,26.343863636363533,23.78318181818173,14.140000000000022,9.209090909090909,4.545454545454546,0.7636363636363441,1
20081125,2.1997360316761987,1266554.0,22.219753629564362,19.608886933567895,9.88737351517819,5.756709194896606,0.2771667399911959,-2.5252969643642835,1
20081126,-1.4661492022423452,857516.0,19.72876239758507,17.060370849504015,7.258300991806794,3.4907287623975694,-2.0612332902113044,-4.329452350150933,1
20081128,1.5332197614991459,483489.0,18.179301533219682,15.431856899488853,5.632879045996583,1.9122657580919848,-3.0621805792163594,-4.403747870528105,0
20081201,-1.7684210526315862,992430.0,16.73705263157887,13.934736842105202,4.126315789473671,0.32842105263157645,-4.164210526315778,-3.0315789473684163,1
20081202,0.7452871547566932,798161.0,21.435992985532597,18.38886453309948,7.936869793950028,3.7220517316966406,-0.5699254712845201,1.6747040771591473,1
20081203,-1.44927536231884,1501032.0,17.966538789428746,14.896845694799618,4.48678601875532,0.20673486786017517,-3.039215686274514,-0.5200341005967599,0
20081204,-1.2857735379510524,1226745.0,14.703027789298995,11.618415595188695,1.2376607216922475,-2.9883865615927054,-5.209456656988787,-2.4388220655329778,0
20081205,0.3056768558951978,1119590.0,20.66877729257637,17.27336244541482,6.0506550218340625,1.700873362445438,0.11353711790392927,2.2096069868995647,1
20081208,1.6504443504020336,1007790.0,16.8578078713499,13.447735928903883,2.3114684722809944,-1.6546762589927833,-1.7943292424883752,-1.0495133305120656,0
20081209,-2.044221944096781,1042316.0,15.112432206925252,11.610346266166003,0.46224447225699256,-3.206090947017088,-2.3654568210262834,-1.4851898206091017,1
20081210,0.671140939597316,1251586.0,15.637583892617382,11.963506711409337,0.6820469798657619,-2.879614093959727,-1.3674496644295324,-0.6291946308724773,0
20081211,-1.406702523789836,1243258.0,13.97621017790643,10.222176251551454,-1.0459247000413907,-4.17045924700041,-2.3086470831609427,-1.9362846503930635,0
20081212,-2.7895181741335593,873573.0,16.344251901944144,12.335587489433603,0.6339814032121664,-1.9632290786136832,-0.12679628064243928,0.819949281487739,1
20081215,0.12599748005040376,802939.0,15.528139437211182,11.369172616547644,-0.36119277614447093,-2.5682486350272824,-0.7307853842922971,0.3359932801344051,1
20081216,0.507829030892937,1051660.0,16.326280152348637,11.960643250105782,0.06009310198902237,-1.8239526026237722,0.37240795598813975,0.8125264494286931,1
20081217,-0.647249190938512,944849.0,11.130663430420626,6.822411003236241,-4.5121359223300725,-5.762540453074427,-3.54368932038834,-2.920711974110038,0
20081218,0.2023472278429814,963860.0,11.104815864022575,6.679481991096711,-4.556859571023882,-5.386483205180101,-3.261837312828818,-2.4443545123431774,0
20081219,1.2783505154639123,1697395.0,13.14061855670095,8.500206185566993,-2.7835051546391636,-3.1649484536082553,-0.8701030927835137,-0.10721649484536,0
20081222,-0.327198364008173,989780.0,12.148670756646114,7.418404907975448,-3.4789366053169735,-3.21676891615542,-1.3456032719836426,-0.40081799591003087,1
20081223,0.7790077900778914,1114043.0,12.35772857728569,7.496104961049604,-3.0094300943009356,-2.48872488724887,-0.9307093070930577,0.4674046740467436,0
20081224,0.6938775510204152,286929.0,11.78387755102033,6.811428571428575,-3.293061224489792,-2.5653061224489755,-1.1061224489795807,-0.1632653061224455,0
20081226,0.24469820554648744,373603.0,11.630709624795992,6.524877650897233,-3.2724306688417566,-2.373572593800982,-1.0440456769983695,-0.39967373572593384,1
20081229,0.04073319755600004,1160319.0,11.42505091649685,6.185336048879849,-3.1592668024439803,-2.2749490835030786,-0.8024439918533571,-0.27698574338086107,1
20081230,1.3163143199042613,1124668.0,9.06302353410443,3.8161148783406658,-4.941364180295165,-4.038691663342652,-2.357399282010375,-1.850817710410844,1
20081231,-0.9273570324574901,698213.0,5.6087712519319295,0.4710200927357449,-7.666924265842328,-6.44899536321484,-4.544049459041725,-3.7712519319938145,1
20090102,0.18775816748028806,1066945.0,2.5933158092376485,-2.4344723995493633,-10.012767555388631,-8.488546751783705,-6.515208411565915,-4.881712354487424,0
20090105,-0.34272658035034215,1751081.0,3.9925742574256713,-1.149657273419622,-8.530845392231523,-6.789794364051807,-4.60776846915461,-2.2162985529322055,0
20090106,0.8349900596421507,1578655.0,8.51212723658047,3.085487077534833,-4.309343936381696,-2.228628230616307,-0.039761431411537033,2.5765407554671818,0
20090107,-0.9673518742442501,1142085.0,9.913341394598918,4.356307940346691,-2.8456267634018237,-0.650947198710184,1.4752116082224895,3.7726723095526,1
20090108,-0.1213592233009611,955908.0,10.225930420711935,4.5412621359223815,-2.2435275080905885,-0.1375404530744293,1.9781553398058427,3.2119741100323793,0
20090109,-0.16227180527383023,928699.0,10.44827586206893,4.594726166328659,-1.7898580121703507,0.3103448275862187,2.32860040567952,1.898580121703854,0
20090112,-0.08120178643929994,762813.0,10.447015834348328,4.442143727162045,-1.6565164433617159,0.4851806739748363,2.4563540397888772,0.6577344701583541,0
20090113,-0.04098360655736889,686344.0,11.386065573770471,5.211475409836122,-0.7696721311475091,1.5840163934426152,3.3606557377049193,0.9918032786885429,0
20090114,-1.354679802955658,1227988.0,11.46736453201966,5.176929392446674,-0.7224958949096814,1.8637110016420388,3.2389162561576272,0.7881773399014784,1
20090115,0.0415973377703892,952829.0,12.816971713810283,6.3460898502496175,0.42013311148086147,3.304908485856903,3.8477537437603875,1.5640599001663795,1
20090116,1.0612244897959247,1167738.0,10.601224489795877,4.093469387755162,-1.6261224489795723,1.320408163265303,1.0285714285714387,-0.4653061224489682,0
20090120,0.0,1200335.0,9.707455429497545,3.111426256077857,-2.4902755267422987,0.5753646677471471,-0.34846029173419174,-1.1507293354943375,0
20090121,1.0473397570171763,1144374.0,13.316506074570581,6.36070381231679,0.7322999581063997,3.9086719731880866,2.4968579807289486,1.7595307917888485,1
20090122,2.701561840438991,2351515.0,14.04453355846347,6.918108906711735,1.4174757281553054,4.537779653862356,2.8028704094554575,1.9670747150696393,1
20090123,-2.1216973578863136,1115123.0,8.050240192153698,1.1949559647718913,-3.7990392313851142,-0.7425940752602268,-2.401921537229775,-2.5460368294635676,1
20090126,-0.2760252365930611,1611931.0,6.348580441640363,-0.5185331230283174,-5.1963722397476415,-2.060331230283915,-3.5843848580441593,-3.3280757097791707,1
20090127,0.4569687738004472,1543812.0,2.6359482102056075,-4.091393754760054,-8.273419649657283,-5.085681645087598,-6.2680883472962705,-5.43792840822544,1
20090128,0.5961251862891213,1435200.0,0.3686661698956594,-6.313710879284614,-9.968703427719857,-6.710134128166935,-7.384500745156494,-5.268256333830097,1
20090129,-1.0271460014673555,1372955.0,-1.2149669845928326,-7.8675715333822325,-11.098312545854776,-7.7457813646368665,-7.747615553925172,-4.108584005869422,1
20090130,-0.18470631695604253,1486707.0,-0.5559660140377098,-7.328407831547808,-10.219431104543766,-6.878463243442947,-5.980790543036571,-1.891392685629837,1
20090202,-0.6243114212265946,1233848.0,-1.1841718692618692,-7.9849430774880465,-10.42085934630921,-7.315460888725686,-5.530664708042614,-1.0943811972089674,1
20090203,0.2574475910261136,1552106.0,-1.0818315557190474,-7.944464876792912,-9.983817579992648,-7.008091210003703,-4.468554615667551,-0.26480323648399845,1
20090204,0.0358808754933549,1216679.0,-3.530498744169396,-10.24578399712949,-11.771797631862215,-8.789020452099033,-5.364190886257628,-1.9590958019375648,0
20090205,-0.8689355539464227,963205.0,-2.6862780593773112,-9.501810282404023,-10.481535119478638,-7.454742939898627,-3.0847212165097764,-0.8110065170166424,1
20090206,0.5052327679538093,1458968.0,-3.0202093107181907,-9.870083002526135,-10.360158787441353,-7.215806568025974,-2.4142908697221364,-0.6712378202814866,1
20090209,-0.0702987697715275,1288553.0,-5.556414762741677,-12.247803163444617,-12.289630931458692,-8.961335676625641,-3.866432337434088,-2.397188049209134,0
20090210,-1.0482180293501073,1361811.0,-6.124388539482943,-12.761355695317961,-12.431167016072688,-8.805031446540879,-3.612858141160049,-1.9776380153738609,1
20090211,0.5722460658082981,1556793.0,-3.9350858369099315,-10.668097281831178,-10.04363376251788,-6.015736766809724,-0.9370529327610889,0.40057224606581504,1
20090212,-1.120056002800141,1475583.0,-5.996849842492188,-12.533776688834452,-11.626881344067202,-7.285614280714042,-2.593629681484073,-1.0780539026951341,1
20090213,-0.1702997275204384,1032260.0,-8.555688010899228,-14.850817438692095,-13.558583106267013,-8.874318801089915,-4.434604904632139,-2.6158038147138867,0
20090217,-3.2955715756951505,1287184.0,-7.865945760384537,-14.168898043254382,-12.486783384826627,-7.360109852385863,-3.027806385169921,-1.3800205973223396,1
20090218,0.4187020237264515,2143373.0,-6.375087229588332,-12.784368457780884,-10.734124214933692,-5.14654570830425,-0.9246336357292414,0.2651779483600855,1
20090219,3.5160289555325734,4122597.0,-7.511547742157918,-13.837642192347484,-11.389865563598752,-5.405032747328512,-1.7269906928645458,-0.22061358152362498,0
20090220,-0.3694994961370488,2302135.0,-9.858078602620116,-16.014779979845486,-13.239502855223362,-6.798790728921736,-3.513604299630498,-1.9617064158548863,0
20090223,0.6040268456375829,2171821.0,-9.943288590604054,-16.063758389261753,-12.935570469798648,-6.083892617449661,-2.9093959731543655,-1.765100671140939,0
20090224,0.9969061533172883,2396170.0,-7.731350979718142,-13.969061533172916,-10.449639051220338,-3.150567205225173,-0.3196974905465917,0.6050189068408455,1
20090225,-0.8678237650200319,1847707.0,-10.38117489986651,-16.416555407209618,-12.663551401869148,-5.345460614152208,-2.767022696929265,-1.448598130841125,0
20090226,0.2669336002669398,2515664.0,-10.382382382382392,-16.41274607941275,-12.271604938271597,-4.854854854854861,-2.1287954621287892,-0.8408408408408372,0
20090227,-1.192564012627148,3005972.0,-5.789021396001413,-12.118204138898651,-7.4493160294633185,0.23675903191863398,2.8621536303051647,3.353209400210451,0
20090302,-2.9297564419343396,3970468.0,-5.1791387222026,-11.534768796328985,-6.5294740557712245,1.0960112954465397,3.152135545358293,2.972114366396067,0
20090303,0.9433962264150882,2024877.0,5.530856918239,-1.534591194968552,4.145440251572357,12.228773584905676,13.419811320754734,11.8003144654088,1
20090304,0.6230529595015583,2988377.0,4.488317757009358,-2.4571651090342828,3.2476635514018954,10.88590342679128,11.199376947040502,7.422118380062315,1
20090305,-2.2641509433962317,2238078.0,1.2169811320754775,-5.407547169811334,0.22264150943400646,7.196226415094353,6.811320754716981,1.4792452830188794,1
20090306,0.3407800075728885,1766871.0,1.5217720560393972,-4.964786065884133,0.7126088602802311,7.332449829610005,5.90306702006816,0.2347595607724391,0
20090309,-0.3806623524933303,1125790.0,2.018652455272202,-4.2790255043776115,1.3924628854206864,7.6303768557289695,5.123715264560322,-0.7993909402360003,1
20090310,1.475595913734395,2207079.0,1.36568293605752,-4.715096481271276,0.9247067726069356,6.596670450245937,3.480892924706779,-0.6507756337495293,1
20090311,0.3610108303249149,1574380.0,-3.2971119133573734,-8.924909747292409,-3.47292418772558,1.543321299639009,-2.0794223826714693,-3.7472924187725645,1
20090312,-0.4747991234477685,1654959.0,-2.1855368882395707,-7.653396639883131,-2.1380569758947616,2.624178232286349,-1.8809349890430993,-1.9795471146822428,1
20090313,-1.515685583362706,1645178.0,-5.60045823052518,-10.659499471272472,-5.320408882622424,-0.9922453295734972,-5.354247444483616,-4.018329221008108,1
20090316,3.008044770898914,1468767.0,-6.318293109478838,-11.13920951381603,-5.859391395592816,-1.8887722980062929,-5.991605456453296,-3.1339629240993387,0
20090317,-0.034904013961598646,1016443.0,-6.507155322862104,-11.136474694589864,-5.91553228621288,-2.1780104712041846,-5.068062827225125,-1.7870855148342075,0
20090318,-0.13731548232062873,1414931.0,-8.038276690696868,-12.40576725025747,-7.268795056642601,-3.7092344661860532,-5.44799176107106,-2.423618262959147,0
20090319,0.06995452955578724,1239549.0,-6.294508569429877,-10.549842602308516,-5.276670164393112,-1.9639734172787768,-2.931094788387539,0.2658272123120114,0
20090320,0.0358808754933549,1144300.0,-3.877646214567649,-8.061356297093676,-2.6099748833871397,0.2278435593828406,0.10046645138142177,2.4973089343380033,1
20090323,1.4492753623188355,978158.0,-2.949456521739162,-6.946376811594232,-1.4485507246376648,0.8097826086956571,1.5615942028985412,2.782608695652176,1
20090324,-0.7032348804500803,1271807.0,-5.819620253164585,-9.485232067510578,-4.0928270042194015,-2.2819971870604685,-0.7313642756680551,-0.4008438818565303,1
20090325,-0.6694855532064755,1318776.0,-5.62121212121214,-9.138477801268508,-3.6257928118393234,-2.353770260747002,-0.28188865398167123,-0.7188160676532791,1
20090326,0.3132613992342494,1295409.0,-6.7542638357118365,-10.111729899060219,-4.498433693003843,-3.7591367908110054,-1.0268012530455906,-1.8308388444135044,0
20090327,-0.9900990099009872,925737.0,-8.50495049504954,-11.710139979515192,-5.987709115739166,-5.4660293615568305,-2.6049846363946796,-2.738135882553771,0
20090330,-0.38300835654595905,662908.0,-6.658252089136515,-9.869777158774392,-3.7959610027855257,-3.521935933147638,-0.626740947075208,-0.02785515320333955,1
20090331,0.4510756419153331,8790960.0,-6.9574947952810815,-10.100971547536437,-3.8299791811242425,-3.2702984038862235,-0.9125607217210329,-0.11103400416377525,1
20090401,-1.8655516243164951,3058964.0,-13.695400450305609,-16.516886458668388,-10.439369572209735,-9.462849790929594,-7.516886458668404,-5.660984239305259,0
20090402,1.4526246285902982,2249449.0,-11.37140970617372,-14.134037636183566,-7.6500495212941795,-6.446021789369466,-4.513040607461223,-2.1393199075602616,0
20090403,0.9036144578313239,1181599.0,-10.111947791164711,-12.780455153949127,-5.96854082998665,-4.581659973226249,-2.5301204819276997,-0.4016064257028027,0
20090406,-0.8050989600805046,1267696.0,-9.849379402884997,-12.404897685340504,-5.423683327742409,-3.7638376383763834,-1.5598792351559876,0.5635692720563545,0
20090407,-1.042367182246129,820650.0,-9.58944182918632,-12.032616005379966,-4.906523201076025,-2.9808338937458023,-0.891055817081362,1.4189643577673188,0
20090408,0.06882312456985401,931652.0,-7.433069511355847,-9.80006882312458,-2.488644184445993,-0.4766001376462509,1.6620784583620116,2.3950447350309756,1
20090409,2.0762423417290656,756816.0,-8.394826412525552,-10.565010211027907,-3.377808032675289,-1.220217835262069,0.7760381211708577,0.6603131381892533,0
20090413,-0.2051983584131283,918663.0,-7.914329685362547,-9.949042407660746,-2.7797537619699018,-0.5984952120382818,1.2414500683994514,0.7045143638850873,1
20090414,-0.5378151260504206,1098558.0,-9.456302521008428,-11.286722689075633,-4.266218487394963,-2.1075630252100805,-0.14789915966387912,-1.0621848739495883,0
20090415,-0.6114130434782599,865622.0,-8.465692934782645,-10.126698369565243,-3.108016304347847,-0.9425951086956517,1.1141304347825824,-0.22418478260871622,1
20090416,0.43904086457277613,914705.0,-8.944951030057444,-10.42080378250592,-3.5008443093549597,-1.430260047281302,0.033772374197923394,-0.4255319148936212,1
20090417,0.09976720984370181,873834.0,-10.289657465912896,-11.528766212171597,-4.830728300631872,-2.692051878949118,-1.5696707682075084,-1.4898570003325469,0
20090420,-1.5516672169032648,756191.0,-10.890723010894696,-11.859029382634517,-5.345658633212268,-2.9993397160778907,-2.149224166391548,-1.5120501815780734,1
20090421,-0.738255033557055,3796633.0,-9.382214765100693,-10.14798657718121,-3.6489932885906122,-1.0352348993288545,-0.5436241610738342,0.14093959731544156,1
20090422,-0.7804878048780437,1229347.0,-12.124878048780523,-12.663089430894303,-6.476097560975617,-3.7170731707317093,-3.2878048780487896,-2.1008130081300957,1
20090423,-2.529118136439273,2126728.0,-10.031613976705533,-10.400332778702161,-4.2023294509151485,-1.1963394342762201,-0.7054908485856897,0.47254575707153373,1
20090424,0.3565640194489446,2088349.0,-12.314748784440873,-12.484927066450547,-6.49918962722851,-3.4149108589951362,-2.8038897893030743,-1.6272285251215521,0
20090427,0.6289308176100606,1607026.0,-14.876729559748467,-14.846226415094327,-9.089308176100616,-5.90566037735848,-4.902515723270454,-3.6163522012578686,0
20090428,0.2587322121604084,1627440.0,-12.411869340232915,-12.16041397153945,-6.401034928848615,-2.871927554980589,-1.8175937904269233,-0.148771021992236,0
20090429,1.0426849136526564,1255256.0,-11.71863799283159,-11.266536331052446,-5.597914630172672,-1.8393613554903723,-0.6744868035190523,0.5604431410883043,0
20090430,3.1290322580645125,2114235.0,-12.560645161290365,-11.931612903225778,-6.390967741935465,-2.8354838709677463,-1.2193548387096664,0.1677419354838697,0
20090501,-0.9049773755656144,1623615.0,-12.351001939237303,-11.500969618616672,-6.084680025856473,-2.5420168067227014,-0.7466063348416228,0.42016806722688754,0
20090504,0.43160690571048804,1246166.0,-9.936586985391832,-8.8761620185923,-3.5046480743691726,0.15106241699866196,1.8990703851261594,2.038512616201862,0
20090505,-0.1331114808652218,1424160.0,-9.716638935108225,-8.461564059900166,-3.2632279534109667,0.42429284525789596,2.2196339434276258,1.6971713810316191,0
20090506,1.1018363939899896,1520789.0,-9.414858096828103,-7.95191986644407,-2.8828046744573887,0.7946577629382526,2.2938230383973566,1.5425709515859758,0
20090507,0.7075471698113236,1894876.0,-8.584568733153693,-6.928908355795135,-2.018194070080839,1.8160377358490736,3.0997304582210417,1.5768194070080983,1
20090508,1.1103633916554572,1592652.0,-8.71012786002697,-6.850269179004008,-2.1668909825033356,1.7362045760430984,2.5807537012113158,0.6191117092866673,0
20090511,-0.16688918558077673,870847.0,-9.441588785046791,-7.391188251001303,-2.8538050734312312,1.0413885180240596,1.1448598130841239,-0.29372496662215425,1
20090512,0.33456005352960144,951368.0,-9.226329876212832,-6.964871194379358,-2.5219136835061837,1.301438608230199,1.0371361659417824,-0.16728002676481854,1
20090513,-0.8275405494869248,1417002.0,-10.179410791128808,-7.768619662363414,-3.2386626944720076,0.3558424362793951,-0.19198940748095422,-1.0526315789473613,1
20090514,-0.1309328968903409,1954133.0,-11.158756137479596,-8.60392798690666,-3.9967266775777297,-0.6072013093289609,-1.450081833060561,-1.5842880523731526,0
20090515,-0.5483870967741991,2144642.0,-12.41887096774198,-9.712903225806404,-5.099999999999987,-1.9000000000000188,-2.8612903225806465,-2.1870967741935625,1
20090518,0.266666666666661,1878070.0,-9.48616666666671,-6.518333333333276,-1.697333333333333,1.3216666666666537,0.3366666666666636,1.0999999999999823,1
20090519,0.0,1241152.0,-11.977478937135494,-8.913804277381672,-4.139338950097214,-1.3302009073233927,-2.1970187945560626,-1.0887880751782195,1
20090520,0.5431309904153295,1083414.0,-13.18530351437705,-9.97699680511178,-5.17571884984027,-2.629392971246019,-3.1405750798722063,-1.7827476038338654,0
20090521,-0.6132989025177575,1370240.0,-12.263234344738601,-8.838605551968975,-3.9845061329890394,-1.4735313105229126,-1.7204648160103218,-0.4906391220142175,0
20090522,-0.10040160642569473,1202142.0,-9.030120481927758,-5.304216867469836,-0.28246318607766335,1.9912985274431139,1.9511378848728314,2.4230254350736167,1
20090526,-0.43434680922151353,1501658.0,-9.170731707317103,-5.300033411292975,-0.3448045439358658,1.508519879719343,1.7707985299030993,2.2051453391246127,1
20090527,0.3333333333333381,1782348.0,-9.355333333333355,-5.383666666666625,-0.4833333333333319,1.118333333333344,1.5699999999999885,1.3933333333333309,0
20090528,0.5986032590621873,1171480.0,-9.542733621549749,-5.489524442966378,-0.6205520452278087,0.7798470236115631,1.286997006983706,0.33920851346856257,0
20090529,0.5016722408026827,1470087.0,-9.007023411371264,-4.830434782608655,-0.0040133779264239335,1.1688963210702428,1.6454849498327908,0.1872909698996687,1
20090601,1.2578616352201224,1275856.0,-9.91012909632575,-5.639523336643464,-0.9228732207878433,0.009930486593819954,0.34094670638860636,-0.6223104932141637,1
20090602,0.3277613897082854,1500355.0,-10.760242543428406,-6.380530973451304,-1.7240249098656406,-0.9095378564405341,-0.47853162897412105,-1.2192723697148589,0
20090603,-0.6190941674812684,924305.0,-11.264907135874902,-6.735092864125076,-2.0990550667969954,-1.3864450961225023,-1.11762789182144,-1.348973607038128,1
20090604,0.3293807641633775,1120762.0,-10.30517127799739,-5.533267457180442,-0.9084321475625833,-0.2470355731225156,-0.352437417654795,-0.08563899868246459,0
20090605,0.09784735812133442,1047545.0,-11.179876060013068,-6.260926288323511,-1.729288975864332,-1.0632746249184506,-1.4318330071754848,-0.5675146771037165,0
20090608,-0.6903353057199239,1236382.0,-10.466469428007894,-5.323471400394438,-0.8428665351742484,-0.16765285996053525,-0.4766600920447177,0.35502958579880667,0
20090609,-0.06637902422834242,958316.0,-9.592764686359098,-4.220710255559194,0.16727514105542576,0.8214404248257744,0.547626949883834,1.0687022900763332,0
20090610,-1.6661112962345883,1022518.0,-9.224258580473176,-3.6387870709763135,0.6537820726424441,1.244585138287249,0.9530156614461773,1.0196601132955476,1
20090611,-0.10070493454178443,1195995.0,-8.570325612621675,-2.7495803961060363,1.462235649546819,1.9217858341725225,1.604565290365876,1.3830144343739479,1
20090612,-0.33478406427854507,766523.0,-8.820388349514587,-2.8362905925677726,1.1088048208904986,1.534984934717098,1.322397053900221,0.5825242718446585,0
20090615,-0.9370816599732181,1053835.0,-8.8500669344043,-2.6676706827308894,1.0475234270414955,1.3135876840696061,1.178045515394914,0.18741633199464838,0
20090616,-0.06856359273226989,1060455.0,-6.639355502228335,-0.11073020226258408,3.458347617415119,3.637298594446324,3.1813507027768035,1.9677751114158315,1
20090617,-2.805680637339807,3355268.0,-5.689123657776263,1.0620020782819644,4.468306200207812,4.3695878074125325,3.6231382057499233,2.237616903359892,1
20090618,0.06613756613757647,3433236.0,-9.963789682539682,-3.3551587301587236,-0.23148148148149417,-0.5340608465608472,-1.1111111111110945,-2.0965608465608363,1
20090619,0.8461297398934489,2434930.0,-14.65449702287685,-8.23597618301473,-5.274208712002518,-5.593857724851144,-5.894703854591027,-5.941711062362899,0
20090622,-1.326176191979797,1512037.0,-13.994947900221044,-7.388064414272183,-4.411746131986122,-4.59583201768234,-4.786864540574671,-4.098515945689922,1
20090623,-0.18975332068311915,1565450.0,-13.837602783048727,-7.103731815306784,-4.110056925996221,-4.177735610373164,-4.165085388994297,-2.397216951296645,1
20090624,0.5633802816901511,1365380.0,-14.696713615023471,-7.910485133020345,-4.962754303599383,-4.862284820031264,-4.547730829420957,-1.4773082942096956,1
20090625,0.3443957420162676,1863008.0,-14.644020037570451,-7.734189104571076,-4.776455854727628,-4.539762053850968,-3.8447088290544813,-0.3819661865998744,1
20090626,0.17969451931716762,1126051.0,-18.29649595687332,-11.555256064690028,-8.685235100329457,-8.162623539982022,-6.966157532195269,-3.8215034441449633,1
20090629,0.11990407673860656,1160960.0,-18.16381894484414,-11.311151079136698,-8.405875299760197,-7.607913669064738,-5.839328537170265,-2.7218225419664304,1
20090630,0.029507229271165565,922361.0,-19.379020359988218,-12.51313071702566,-9.625848332841546,-8.55414576571259,-5.91915019179698,-2.9035113602832747,0
20090701,-1.335311572700305,1327877.0,-18.86617210682496,-11.84213649851633,-8.884866468842727,-7.591988130563804,-3.9554896142433185,-1.3175074183976339,1
20090702,-1.0321439103509122,1115832.0,-19.30212326747272,-12.227071660277176,-9.262754349749311,-7.6408139191978695,-3.468003538779106,-0.7667354762606843,1
20090706,-0.8393285371702672,1226209.0,-17.897332134292583,-10.63788968824939,-7.568345323740994,-5.713429256594721,-1.4418465227817583,0.8513189448441427,1
20090707,-0.08891523414345327,1053992.0,-18.722288085358645,-11.473029045643138,-8.4380557202134,-6.283343212803808,-1.9383521043272183,-0.05927682276233026,1
20090708,-0.059294396679501996,1062775.0,-18.60406166617256,-11.293803735546971,-8.29647198339755,-5.72190927957307,-1.283723688111473,-0.12451823302696262,0
20090709,-0.02962085308056283,1649776.0,-18.59537914691945,-11.242298578199044,-8.209715639810415,-5.250296208530819,-0.8353080568720486,-0.17772511848341907,0
20090710,-0.05997001499251312,1432592.0,-17.527136431784136,-10.024587706146924,-6.921739130434778,-3.551724137931055,0.8065967016491704,0.7136431784107932,1
20090713,0.0,1120058.0,-16.671964880411767,-9.02058734483802,-5.897063275809861,-2.138964577656692,1.6742355434453442,1.489554950045405,1
20090714,-1.3448894202032362,1131489.0,-17.67677824267783,-10.056784219964142,-6.955768081291086,-2.8616258218768773,0.39748953974896195,0.01793185893602248,1
20090715,0.8952551477171121,1169202.0,-17.73381080274545,-10.079379289764253,-6.8922709638913755,-2.3589973142345615,0.13428827215757,-0.2626081766636854,0
20090716,0.0,1585908.0,-17.638208955223877,-9.942089552238818,-6.658507462686554,-1.6388059701492523,0.10447761194030954,-0.38805970149254493,0
20090717,-0.0601142170123328,1108072.0,-16.98587315900211,-9.193868349864768,-5.813645927261798,-0.5034565674782205,0.6041478809738517,0.2524797114517465,0
20090720,0.15051173991572625,788793.0,-16.788982540638152,-8.959060806742933,-5.458759783263078,-0.1565322095123194,0.7134256472005087,0.5177603853100666,1
20090721,0.5748865355522083,1056792.0,-16.299999999999986,-8.397579425113458,-4.770953101361559,0.5658093797276996,1.022692889561274,0.7866868381240485,1
20090722,-0.08963250672244141,952097.0,-17.270242007768147,-9.398864654914844,-5.756199581714949,-0.41977890648338434,-0.3226770242007678,-0.5019420376456507,1
20090723,0.23937761819269385,1036430.0,-17.0596947935368,-9.111011370436858,-5.403949730700171,-0.05086774386593629,-0.27528426092162134,-0.40095751047277184,1
20090724,-0.2924831822170059,590509.0,-18.818075460660985,-10.902018133957286,-7.301550160865723,-1.9727990640538016,-2.2755191576484317,-2.105878911962559,1
20090727,0.23195129022904695,1177464.0,-19.39736155407363,-11.421571469991289,-7.879385329080875,-2.6659901420701635,-2.7022325311684607,-2.2209336039431666,1
20090728,-0.2006880733944962,1206694.0,-20.152666284403644,-12.171731651376136,-8.68692660550458,-3.5364105504587138,-3.383027522935779,-2.2649082568807315,0
20090729,-0.4330254041570398,2172338.0,-19.434757505773636,-11.32563510392606,-7.786374133949178,-2.7598152424942146,-2.3874133949191636,-0.912240184757513,1
20090730,1.0077742585660854,951045.0,-19.45393031960837,-11.311834149150549,-7.802476245321012,-2.8635185718398937,-2.2862078894327587,-0.4146271235243258,0
20090731,-0.22889842632333443,747670.0,-19.784835479256078,-11.626323319027154,-8.173962804005722,-3.3261802575107335,-2.420600858369109,-0.6065808297567845,0
20090803,0.4893494530800075,761293.0,-19.135290731145634,-10.88946459412777,-7.4024179620034225,-2.5431778929188398,-1.3932066781807764,0.13816925734022656,1
20090804,0.28653295128940237,1414238.0,-19.3170487106017,-11.082521489971294,-7.539255014326606,-2.8237822349570254,-1.3151862464183472,-0.30945558739256185,0
20090805,0.2556818181818077,801164.0,-19.820454545454528,-11.646306818181765,-8.02784090909089,-3.4431818181818272,-1.664772727272723,-0.840909090909089,0
20090806,0.2313475997686475,918056.0,-18.210381723539594,-9.888953152110993,-6.113938692886032,-1.5934065934065784,0.4337767495662397,0.8502024291498094,0
20090807,-0.029265437518305872,455239.0,-17.069066432543174,-8.64618086040384,-4.747439274217126,-0.29265437518291315,1.6330114135206315,1.6037459760023465,1
20090810,-0.29044437990125305,613485.0,-17.535869880917797,-9.182108626198053,-5.203601510310742,-0.8422887017136194,0.8480975893116515,0.6564042985768199,1
20090811,0.029154518950452235,994476.0,-17.05612244897957,-8.67142857142855,-4.605830903790063,-0.34402332361514576,1.061224489795931,0.688046647230333,1
20090812,-0.37249283667620475,793424.0,-18.31045845272206,-10.0401146131805,-5.9942693409741885,-1.8581661891117436,-0.6017191977077389,-1.2148997134670472,0
20090813,-0.028868360277130516,745089.0,-17.509815242494227,-9.161662817551944,-5.060623556581966,-0.9569861431870827,0.11836027713624947,-0.43879907621247405,0
20090814,0.5224963715529745,743393.0,-16.8811320754717,-8.486211901306222,-4.299564586357022,-0.2394775036284561,0.5253991291727065,0.27285921625544607,0
20090817,-0.20384391380314582,1008130.0,-16.46389050669773,-8.019510774606866,-3.7786837507280007,0.24315666860801888,0.730926033779821,0.5416423995340501,1
20090818,0.0,614265.0,-16.71202898550725,-8.278840579710117,-3.9884057971014424,-0.011594202898564894,0.14782608695652735,0.1913043478260942,1
20090819,-0.08670520231214202,703986.0,-16.82514450867053,-8.39046242774564,-4.007514450867056,-0.13728323699423853,-0.31502890173410913,-0.27167630057805864,1
20090820,0.22837567799028916,701590.0,-17.7199543248644,-9.334855837853237,-4.899229232086764,-1.1333143020268297,-1.410219811590065,-1.2731944047958834,1
20090821,-0.11357183418511967,657576.0,-18.039608177172067,-9.642248722316838,-5.103918228279374,-1.520442930153319,-1.643952299829644,-1.3685406019307194,0
20090824,0.5396194262993403,826091.0,-17.89250213007669,-9.499573984663426,-4.773643851178636,-1.3902300482817371,-1.3944902016472582,-0.8463504686168754,0
20090825,0.25582717453099324,1064908.0,-17.67637862421831,-9.283399658897066,-4.391131324616246,-1.263501989766907,-1.0602615122228671,-0.3752131893121234,0
20090826,-0.028481913984614103,707837.0,-17.36314440330392,-8.953574480205049,-3.8621475363144455,-0.9997151808601513,-0.8031899743662876,0.11392765593847665,0
20090827,-0.1425719988594159,991428.0,-17.121328771029376,-8.699743370402018,-3.3989164528086486,-0.8383233532934045,-0.5674365554605223,0.25092671799258903,1
20090828,0.1997716894977177,808523.0,-16.90425228310504,-8.470319634703166,-3.0422374429223615,-0.7405821917808094,-0.31392694063924753,0.23401826484018476,1
20090831,0.3674392312040572,649208.0,-17.54197286602601,-9.171283210853542,-3.7778405879027614,-1.6040135669870055,-0.9779536461277459,-0.6331260599208497,0
20090901,0.17011624610148898,920170.0,-17.1107173235044,-8.721009356393486,-3.273603629146589,-1.2446838673093281,-0.45080805216897907,-0.2721859937624146,0
20090902,-0.17152658662091244,904304.0,-16.263007432818746,-7.800171526586571,-2.279588336192099,-0.45740423098914723,0.4831332189822466,0.4802744425385914,0
20090903,0.26049204052099395,439757.0,-15.062662807525323,-6.513748191027442,-0.9128798842257301,0.7771345875542576,1.5947901591895859,1.4298118668596231,1
20090904,0.289939112786319,856305.0,-14.745288489417213,-6.204697013627078,-0.5926355465352267,0.9988402435488444,1.5598724267903643,1.287329660771225,1
20090908,0.5172413793103441,856502.0,-15.335775862068942,-6.891091954022927,-1.3971264367815996,0.1522988505747048,0.537356321839094,0.051724137931036446,1
20090909,0.17236426314276115,1695810.0,-15.178684286124675,-6.781671933352447,-1.3421430623384034,0.19678253375466884,0.40218328066647674,-0.24130996839991462,1
20090910,-0.08294166436273469,766343.0,-18.155930329001933,-10.124136024329504,-4.9256289742880766,-3.3950787945811487,-3.0799004700027766,-3.3342549073818164,1
20090911,0.5506607929515497,529540.0,-18.29680616740086,-10.315803964757663,-5.17400881057268,-3.562775330396467,-3.1360132158590197,-2.758810572687212,0
20090914,-0.054945054945044015,444154.0,-18.288598901098887,-10.357692307692258,-5.24560439560439,-3.5068681318681088,-2.9752747252747214,-1.9230769230769114,0
20090915,-0.02757859900716495,971983.0,-17.792884721456108,-9.840319911748448,-4.719801434087122,-2.8695532266960684,-2.3579702151130637,-0.7391064533921696,0
20090916,0.6473402758232392,966525.0,-15.934280889389212,-7.856177877849663,-2.6614128905150345,-0.7289614410357453,-0.2786377708978234,1.7056009006473447,1
20090917,-0.0838457238680859,1074868.0,-16.353549468977064,-8.388764673001639,-3.2269424259362633,-1.2576858580212489,-0.7518166573504705,0.7769703745108962,1
20090918,0.22179096201829304,1267661.0,-16.842251178264476,-8.982533961741025,-3.876906016079831,-1.9074022733573477,-1.1283615192680998,-0.17188799556419385,1
20090921,-0.35354908893120085,813223.0,-18.24435681261897,-10.549904813706817,-5.520805004079376,-3.5640467772640667,-2.3905357628501434,-1.87109056295894,0
20090922,0.49409827065605194,751454.0,-17.312242657150673,-9.566017018940403,-4.452374416689502,-2.4965687620093173,-1.0321163875926371,-0.8619269832555587,0
20090923,-0.16745743790118664,1326434.0,-15.747139268769155,-7.915154898130035,-2.7200669829751076,-0.7730951716438569,0.9098520792631888,0.9656712252302642,1
20090924,0.16675931072818864,640283.0,-15.926764869371837,-8.136186770427974,-2.988326848248975,-1.0658699277376067,0.43635352973875374,0.6559199555308622,0
20090925,-0.30487804878048624,689317.0,-15.991962305986677,-8.223669623059854,-3.1141906873613694,-1.2001108647450107,0.09146341463414982,0.38248337028826285,1
20090928,0.5008347245409007,666115.0,-15.496382860322747,-7.6994991652754265,-2.588202559821884,-0.6900389538119217,0.3533667223149564,0.3116304952698995,1
20090929,-0.027114967462052914,717118.0,-17.477901301518447,-9.856832971800426,-4.872559652928389,-3.0178958785249637,-2.036334056399145,-2.0010845986984993,0
20090930,-0.13506212857915792,678495.0,-17.609535386277685,-10.00054024851431,-5.0178282009724215,-3.1482982171799256,-2.0043219881145444,-1.7287952458130755,0
20091001,0.10925976509150272,755217.0,-16.512018574160063,-8.810980606391666,-3.7825730674678812,-1.8410270417918781,-0.6801420376946253,-0.2840753892379304,0
20091002,-0.5616399887672082,1068737.0,-13.999297950014022,-6.089581578208334,-0.9575961808480394,1.0643077787138382,1.979780960404376,2.2521763549564717,1
20091005,0.0,1031122.0,-14.134061013154195,-6.250489784494782,-1.20403022670021,0.8984047019311645,1.3462076686258093,1.7912118667786192,1
20091006,0.24549918166940377,647124.0,-16.149345335515527,-8.462084015275456,-3.591925804691745,-1.4075286415712094,-1.1620294599018057,-0.9110747408619643,0
20091007,-0.41084634346753923,539488.0,-15.636948781155823,-7.935086277732095,-3.10654615173923,-0.769652150095861,-0.5697069296083027,-0.7833470282114332,1
20091008,0.6815703380588877,717201.0,-15.861232279171194,-8.179661941112292,-3.444383860414387,-1.1600327153762255,-0.8396946564885491,-1.2050163576881139,1
20091009,-0.027005130974879853,537868.0,-16.48582230623818,-8.880907372400742,-4.232784229003508,-1.9983796921415122,-1.5203888738860447,-1.3718606535241766,1
20091012,0.1348072256672881,692481.0,-16.451199784308454,-8.872202750067386,-4.272310595847942,-2.063898624966325,-1.369641412779732,-0.7980587759504084,1
20091013,-0.3431890179514323,751172.0,-18.017291446673717,-10.590549102428714,-6.102956705385422,-3.8925554382259926,-3.162618796198523,-2.2228088701161717,1
20091014,0.5055880787653135,1035336.0,-17.18946248004258,-9.67189994678019,-5.210750399148479,-2.85258116019158,-2.2405534858967315,-0.8728046833421923,1
20091015,-0.026434047052598494,1104039.0,-17.56806767116046,-10.060005286809377,-5.698123182659264,-3.2236320380650185,-2.564102564102561,-0.9199048374306079,0
20091016,-0.5533596837944685,1669253.0,-17.669696969696993,-10.134914361001307,-5.818708827404474,-3.2819499341238463,-2.2555994729907627,-0.7483530961791802,0
20091019,-0.15906680805939097,2408510.0,-17.020678685047734,-9.384146341463405,-5.056203605514305,-2.566277836691401,-1.1320254506893073,0.19088016967125032,0
20091020,0.08158825129179774,1352784.0,-14.7338863203699,-6.85613271688877,-2.475931465868922,-0.002719608376387461,1.452270872994286,2.1756867011150507,0
20091021,0.1632208922742173,649984.0,-14.552774755168679,-6.652611534276395,-2.3155603917301377,0.150979325353651,1.5478781284004233,1.7573449401523227,0
20091022,-3.51648351648352,899625.0,-13.548489010989034,-5.567582417582423,-1.2670329670329616,1.1991758241758501,2.4752747252747347,1.9780219780219945,1
20091023,0.16597510373444613,708211.0,-12.792531120331985,-4.763485477178446,-0.5006915629322393,1.908713692946052,2.9405255878284993,1.6874135546334899,0
20091026,0.19542155220547258,1474213.0,-11.833193746510378,-3.7336683417085688,0.49246231155777187,2.830820770519251,3.5343383584589563,1.5633724176437807,0
20091027,-0.14351320321470798,1744596.0,-9.2066590126292,-0.9058553386911897,3.34787600459239,5.430539609644055,5.5740528128587625,3.312284730195167,0
20091028,-0.493898895990708,1488797.0,-7.9532248692621,0.41952353282970134,4.604299825682726,6.339337594421812,5.944218477629263,3.2132481115630496,1
20091029,0.32391048292108193,1301281.0,-6.565076560659625,1.8925206124852285,5.983510011778552,7.3895759717314355,6.239693757361601,3.1743227326266075,1
20091030,-0.28885037550547177,1200992.0,-8.19352975158869,0.08318890814553039,3.939341421143841,5.199306759098779,3.2524552281918107,0.3235124205661522,1
20091102,-0.26147588611273503,1502854.0,-7.5159790819291405,0.7992446252178401,4.496804183614164,5.620278907611833,2.8936664729808106,0.09296920395120158,1
20091103,0.0,1039949.0,-9.543687943262439,-1.4215602836879864,2.038581560283674,2.93333333333333,0.039716312056725656,-2.031205673758848,0
20091104,-1.5563101301641318,1843498.0,-9.61177136389363,-1.518109790605617,1.7877758913412114,2.505659309564214,-0.6168647425014248,-1.7600452744765134,0
20091105,0.8280982295830929,1921618.0,-8.624071958880663,-0.4511707595660267,2.712735579668748,3.205311250713864,-0.10279840091378774,-0.25699600228439834,1
20091106,-0.14367816091953206,1023983.0,-7.905316091954022,0.34856321839075793,3.3465517241379312,3.537356321839086,0.14080459770114798,0.47701149425286443,1
20091109,0.1978518937252693,816061.0,-9.273459581684579,-1.151215375918636,1.6715658564160547,1.5983606557377252,-1.6252119841718364,-0.6274731486715696,1
20091110,-0.5258787711043588,654725.0,-11.02020481594245,-3.086354829781379,-0.3974536396346703,-0.7528369775809337,-3.3102684749515583,-2.203155272626624,1
20091111,0.3345413994982006,778272.0,-10.249372734875948,-2.2667967660998407,0.3579592974630588,-0.2718148870922483,-2.205185391692213,-1.1987733482018195,0
20091112,0.24841291747171798,524071.0,-11.017388904223036,-3.11068175545133,-0.5702456527739489,-1.4835771460115772,-2.550372619376206,-1.5125586530499637,0
20091113,-0.02785515320333708,841680.0,-10.07646239554319,-2.110027855153224,0.4189415041782664,-0.8635097493036077,-1.2980501392757493,0.0055710306406753325,1
20091116,0.36171396772399156,947860.0,-10.055370061213157,-2.1076794657763145,0.3878686700055703,-1.2214802448525324,-0.9849749582637709,0.2058987200890319,0
20091117,0.0,828662.0,-11.041220115416335,-3.235779060181374,-0.7661445452047374,-2.4951909865347655,-1.8961253091508594,-0.8903544929925946,0
20091118,0.05560189046428448,454616.0,-9.889908256880737,-2.0333611342785876,0.45704753961636824,-1.4664998609952635,-0.5754795663052564,0.32249096469279864,0
20091119,-0.6134969325153342,501719.0,-9.498605688789754,-1.6779141104294706,0.7479085331846074,-1.2395426659230282,-0.03625209146681017,0.4238706079196905,0
20091120,-0.28169014084507443,921677.0,-8.471126760563399,-0.6301408450704451,1.7233802816901276,-0.3295774647887449,1.174647887323928,1.2169014084507104,1
20091123,0.17059994313333854,681178.0,-7.516775661074802,0.338072220642583,2.6079044640318285,0.5132214955928206,2.06425931191356,1.728746090417961,1
20091124,1.4912774338773245,1716137.0,-8.38224535734386,-0.6451885199774959,1.49915588069781,-0.4347214406302922,0.8356781091727747,0.19133370849746156,1
20091125,-0.18862840204796627,1009789.0,-12.135004042037195,-4.757747237941272,-2.709781729991919,-4.284559417946635,-3.096200485044465,-3.4330369172729744,0
20091127,-1.3495633765546389,473015.0,-13.594072505953955,-6.364117491399844,-4.354061921143165,-5.500132310134951,-4.427097115639044,-4.1492458322307435,0
20091130,2.8950216450216457,1212503.0,-11.550865800865814,-4.174783549783568,-2.1580086580086655,-3.061417748917756,-1.9940476190476242,-1.2067099567099704,0
20091201,0.9703504043126668,805817.0,-11.777223719676561,-4.435309973045837,-2.509433962264144,-3.066037735849064,-2.0512129380053983,-0.5390835579515093,1
20091202,-1.0388918486947272,1169920.0,-12.69299413958444,-5.435269046350574,-3.592967501331924,-3.8971763452317747,-2.892914224826866,-0.6393180607352211,1
20091203,-1.7250530785562594,1091292.0,-12.902335456475573,-5.67462845010617,-3.85297239915074,-3.943736730360945,-2.7998938428874536,-0.7059447983014815,1
20091204,0.9120171673819643,1178645.0,-11.867086909871247,-4.561427038626623,-2.7516094420600963,-2.6099785407725293,-1.3760729613733855,0.08583690987123517,1
20091207,0.44878563885954226,989625.0,-13.156414994720182,-5.957497360084483,-4.196937697993674,-3.7460401267159558,-2.3099260823653456,-1.0137275607180767,0
20091208,-0.21124900977026223,563278.0,-13.017560073937151,-5.811196197517819,-4.069712173224178,-3.391866913123811,-1.5711645101663367,-0.5809347768682305,0
20091209,-0.37066454858353337,798469.0,-12.683876092136636,-5.441355573206227,-3.768599417527159,-2.9189833200953115,-0.7201482658194293,-0.19592268996557602,1
20091210,0.9566834972096715,886512.0,-12.257241562583065,-4.9678448046771155,-3.3781557268137132,-2.3239436619718057,-0.21259633271325612,0.14881743289927551,1
20091211,-0.6271230729030625,792617.0,-13.597073425659808,-6.431669715181599,-4.907238045466441,-3.6908805853148716,-1.7559446041285711,-1.0086229422524242,1
20091214,0.2351097178683289,778683.0,-13.489681295715789,-6.329153605015661,-4.792580982236159,-3.4051724137931028,-1.4367816091953949,-0.82549634273771,0
20091215,-0.10351966873705784,1022127.0,-14.12487060041408,-7.086697722567275,-5.528985507246382,-3.9557453416149095,-1.9565217391304353,-1.3509316770186295,0
20091216,0.49608355091385076,824227.0,-13.197780678851172,-6.162402088772826,-4.604699738903386,-2.8537859007832806,-0.8877284595300352,-0.19843342036551803,0
20091217,-0.10471204188483312,681790.0,-12.817408376963375,-5.829842931937183,-4.266492146596866,-2.3075916230366555,-0.492146596858645,0.36125654450263145,0
20091218,-0.3424657534246643,920324.0,-12.114067439409927,-5.146996838777644,-3.5937829293993593,-1.4133298208640586,0.31612223393044636,0.8324552160168477,1
20091221,0.9198423127463902,659088.0,-12.167148488830497,-5.284099868593929,-3.768199737187887,-1.3114323258869784,0.12352168199736412,0.473061760840998,1
20091222,-0.02583311805734438,563118.0,-13.506070782743498,-6.801859984500118,-5.325238956342046,-2.53681219323174,-1.3665719452337985,-1.2038233014724722,1
20091223,1.0499359795134537,939895.0,-14.11382842509604,-7.502944942381536,-6.089628681177977,-2.9359795134443107,-1.897567221510901,-1.679897567221526,1
20091224,0.12553351744916963,250031.0,-15.639467737886031,-9.190559879487793,-7.815716796384634,-4.495355259854403,-3.2663821240271202,-2.786844087371327,1
20091228,-0.10022550739162905,469371.0,-15.663993986469556,-9.254572788774691,-7.896266599849633,-4.421197694813326,-3.0493610623903575,-2.0045101478326166,0
20091229,0.12465719272001287,771356.0,-15.940912490650716,-9.569184741959576,-8.247818499127398,-4.505110944901544,-3.0765395163301146,-1.465968586387437,0
20091230,-0.3511412089290208,504307.0,-15.294206170052671,-8.881866064710264,-7.587659894657634,-3.5828944068221893,-2.184599949836976,-0.2909455731126152,0
20091231,0.1255020080321214,607593.0,-15.096009036144586,-8.677459839357386,-7.363955823293167,-3.2216365461847656,-1.7243975903614575,0.18072289156625404,1
20100104,0.2525252525252561,807014.0,-14.442424242424243,-7.9901515151514735,-6.659090909090892,-2.3926767676767806,-0.7752525252525306,0.6717171717171673,1
20100105,-0.1489572989076521,544454.0,-15.732745779543201,-9.409880834160843,-8.042204568023841,-3.66807348560081,-1.8743793445878911,-0.8440913604766718,0
20100106,0.1504513540621744,687488.0,-14.73357572718157,-8.369859578736184,-6.932798395185577,-2.451103309929823,-0.4312938816449452,0.03510531594783298,0
20100107,-0.3752814610958183,696928.0,-14.781336002001513,-8.438078558919159,-6.934701025769324,-2.40805604203152,-0.34025519139353433,-0.14010507880910028,0
20100108,-0.6547469151347217,657297.0,-14.080710148577188,-7.703349282296626,-6.08008058423571,-1.5248048350541585,0.4784688995215075,0.4482498111306907,1
20100111,0.15216839969566898,499119.0,-13.334897286330207,-6.922901344154164,-5.159015977681964,-0.5972609688054827,1.0905401978189189,1.075323357849352,1
20100112,-0.17610062893081832,615756.0,-13.901006289308175,-7.542641509433919,-5.631194968553456,-1.2113207547169733,0.23647798742140452,-0.005031446540868777,1
20100113,0.47858942065490606,1346218.0,-13.654282115869028,-7.308564231737996,-5.256423173803536,-0.9080604534005082,0.25944584382873714,0.03022670025189031,1
20100114,-0.31777071620629543,732813.0,-16.060376436079192,-9.911024199462167,-7.741383524810547,-3.5614764116352817,-2.4517232950378713,-2.468834025910531,1
20100115,0.2675747993188991,735917.0,-16.346874239844333,-10.205789345657937,-7.905132571150573,-3.688883483337372,-2.6173680369739563,-2.262223303332522,1
20100119,0.048887802493285566,1521559.0,-15.808115375213875,-9.62674162796375,-7.182595942312379,-2.8868247372280553,-1.8210706428745966,-1.060865314104125,1
20100120,-0.023934897079937793,656101.0,-17.418860698898992,-11.348970799425508,-8.791766395404503,-4.451890856869314,-3.5064624222115928,-2.1493537577788664,0
20100121,-0.3128007699711322,1246846.0,-16.840351299326283,-10.723532242540864,-7.983638113570736,-3.5238209817131882,-2.5914340712223245,-0.7362848893166443,0
20100122,-1.5574783683560012,1318620.0,-14.425957972805941,-8.139925834363359,-5.207911001236094,-0.6613102595797414,0.20024721878861795,1.7601977750308928,0
20100125,0.9883426254434885,906728.0,-12.147237709072483,-5.731880385200151,-2.660922453117091,1.8829194120628359,2.650785605676615,3.476938672072985,0
20100126,-0.3554201574003569,739349.0,-11.864051789794354,-5.459761360751399,-2.3092155369383027,2.008123889312,2.823051535922828,2.8890581365829022,0
20100127,-0.33324788515764026,771533.0,-10.88028710587027,-4.435529351448273,-1.215073058190199,2.8864393745193846,3.6349653934888657,2.4711612407075254,0
20100128,0.48943843379700597,797343.0,-10.327279752704777,-3.857805255023125,-0.5811437403400127,3.2238536836682123,3.9155074703760846,1.5610510046367894,0
20100129,0.1822916666666674,988192.0,-9.22981770833331,-2.704427083333257,0.6343750000000019,4.16145833333335,4.398437500000001,1.6041666666666843,0
20100201,0.07804370447450869,1245738.0,-9.209417273673228,-2.710978147762686,0.6363163371488176,3.8709677419355013,3.5952133194589098,0.9677419354838707,1
20100202,0.4427083333333378,1564648.0,-9.006380208333296,-2.516145833333261,0.867708333333328,3.8229166666666576,3.0494791666666465,0.5572916666666632,1
20100203,-0.4303797468354474,1488085.0,-11.423797468354412,-5.146582278480953,-1.7569620253164622,0.8329113924050469,-0.3974683544303888,-1.9949367088607513,0
20100204,-0.5590851334180403,1060151.0,-10.964803049555274,-4.708005082592092,-1.186785260482861,1.1499364675984585,-0.5794155019059759,-1.351969504447277,0
20100205,-0.28788275320596557,1318552.0,-8.21080868882491,-1.8175870191049035,1.9204396754776107,3.9374509290761583,1.8005757655063996,1.4917560847945572,0
20100208,0.026191723415395524,754678.0,-8.032215819800935,-1.6901519119957693,2.1388161341016083,3.818753273965404,1.5453116815086336,1.435306443163965,0
20100209,1.167728237791926,814462.0,-6.721204883227178,-0.3285562632696088,3.524416135881093,4.964171974522274,2.4389596602972317,2.3991507430997783,0
20100210,-0.2101944298476232,456930.0,-7.570283762480298,-1.2637940094587348,2.5049921177088486,3.694167104571707,1.1665790856542184,0.6200735680504577,0
20100211,-0.238158242921398,711327.0,-6.818999735379736,-0.5128340830907353,3.2812913469171603,4.182323365969835,1.6168298491664383,0.5133633236305971,1
20100212,-0.5789473684210497,563719.0,-7.23776315789473,-1.0302631578947012,2.7578947368420916,3.2236842105263195,0.9500000000000111,-0.15263157894736798,1
20100216,1.1297950604308977,545869.0,-7.291250656857594,-1.1434576983709792,2.6232264844981517,2.6602732527587905,0.6910141881240097,-0.3730951129795139,1
20100217,0.1554001554001613,834724.0,-8.512561512561485,-2.479668479668442,1.2095312095312063,0.9000259000259097,-0.6889406889406844,-1.3105413105413113,1
20100218,-0.07770007770008065,714259.0,-8.402615902615887,-2.4115514115513768,1.2784252784252803,0.48951048951048964,-0.9194509194509114,-1.0256410256410278,1
20100219,-0.12856775520698677,875509.0,-8.948444330161992,-3.041913088197443,0.6011828233479101,-0.5772692208794009,-1.751092825919271,-1.1725379274877756,1
20100222,0.43500511770727157,720728.0,-9.274309109518923,-3.432958034800372,0.17400204708291953,-1.2359263050153273,-2.006141248720552,-1.1003070624360278,0
20100223,0.22894937674890944,1388165.0,-9.682650725006374,-3.936148562706654,-0.33375731366064554,-1.8328669549732926,-2.292037649453056,-1.0429916051895285,1
20100224,0.10261672652643984,1394696.0,-8.799256028732678,-3.072601334017384,0.5792714212416795,-1.0543868650589898,-1.1313494099538106,-0.015392508978945927,1
20100225,-0.7074279939363344,2199774.0,-10.06025770591208,-4.466902475997927,-0.8792319353208665,-2.4823143001515784,-2.246083880747842,-1.0409297625063318,1
20100226,-0.025188916876587194,1079910.0,-10.208564231738047,-4.652644836272016,-1.1073047858942031,-2.6662468513853956,-2.0604534005037904,-0.9319899244332608,1
20100301,0.1757028112449628,1338304.0,-10.403237951807242,-4.884538152610418,-1.3945783132530256,-2.8275602409638734,-1.9427710843373514,-0.8985943775100504,1
20100302,0.0,861105.0,-10.909272183449659,-5.462113659022883,-1.9920239282153516,-3.2963609172482506,-2.113659022931186,-1.1864406779660994,0
20100303,-0.049887752556755115,829099.0,-10.729234222998286,-5.302070341731083,-1.824395111000269,-3.0132202544275515,-1.671239710651039,-0.5587428286355792,0
20100304,-0.1251251251251358,1118670.0,-10.314189189189204,-4.91191191191188,-1.4049049049049025,-2.640140140140139,-1.0135135135135163,-0.04504504504502897,1
20100305,0.32589621459012924,915843.0,-10.043619954875926,-4.673351717222336,-1.1396339934820738,-2.4016044121333806,-0.5891200802206052,0.22562045625470895,0
20100308,-0.1232741617357107,1523454.0,-11.415433925049323,-6.162475345167629,-2.681459566074955,-3.724112426035539,-1.8663708086784956,-1.0749506903353054,0
20100309,-0.25000000000000355,1274469.0,-10.062500000000014,-4.79574999999997,-1.2715000000000032,-2.148750000000028,-0.3200000000000003,0.25000000000000355,1
20100310,-0.24900398406373087,1126517.0,-10.292828685258968,-5.110806772908319,-1.648406374501972,-2.229830677290833,-0.4233067729083708,-0.11454183266930347,1
20100311,-0.27100271002711634,1381111.0,-11.111850209411203,-6.048041389504774,-2.656812022665686,-2.9539295392954057,-1.2293668391229422,-0.8622813500862491,1
20100312,0.3904343582235327,1563184.0,-11.823816495851666,-6.868228404099523,-3.540751586139564,-3.4882869692532883,-1.8570034163006066,-1.2737920937042422,0
20100315,-0.33816425120773086,4099413.0,-12.581521739130459,-7.724154589371931,-4.445410628019313,-4.056763285024148,-2.475845410628016,-1.8695652173913064,0
20100316,0.7449714427613537,2044989.0,-9.999751676185758,-5.047926496150932,-1.7427365284330734,-1.0901415445741247,0.29798857710453797,1.018127638440518,1
20100317,-0.024594195769793437,1576485.0,-10.73450565666504,-5.862764387604457,-2.6330545991145713,-1.7867683226758173,-0.5238563698967068,0.2951303492375911,1
20100318,0.07383706620722133,1242940.0,-10.544056116170337,-5.68914595126749,-2.543933054393287,-1.4656657642136381,-0.28550332266799594,0.3888752153580953,0
20100319,0.09806325079676183,1284009.0,-10.771144888453046,-5.945329737680753,-2.8815886246628635,-1.6192694287815268,-0.4559941162049521,-0.09806325079676183,0
20100322,-0.2721425037110327,915304.0,-9.829910935180603,-4.970559129143944,-1.9703117268678658,-0.5529440870856045,0.4205838693715849,0.3315190499752606,1
20100323,0.541072306935578,1099392.0,-10.239178553861285,-5.388342351205062,-2.502213477619252,-0.973930152483981,-0.009837678307931355,-0.0688637481554321,1
20100324,-0.5067567567567589,1174765.0,-11.795728764478755,-6.9997586872586375,-4.24034749034745,-2.5410231660231424,-1.5830115830115632,-1.5733590733590759,1
20100325,0.6999758629012772,1249346.0,-11.638064204682593,-6.797006999758601,-4.136133236784921,-2.294231233405723,-1.3565049481052491,-1.1634081583393832,0
20100326,0.4104297440849872,1154376.0,-11.478995654273307,-6.610333172380457,-4.029937228392073,-2.0630130371800925,-1.2264606470304265,-0.8353452438435626,1
20100329,0.024213075060545076,1512226.0,-11.082445520581114,-6.1723970944309565,-3.732203389830482,-1.6016949152542121,-0.9636803874091916,-0.12106537530265657,1
20100330,0.0,1079778.0,-12.08699808795413,-7.225860420650075,-4.939770554493309,-2.666108986615689,-1.8666347992351788,-0.8460803059273403,0
20100331,-0.2134724857684922,785102.0,-12.608633776091091,-7.7682637571157205,-5.601992409867162,-3.1593927893737996,-2.255692599620478,-1.2571157495256027,1
20100401,0.5747126436781657,972535.0,-11.620809386973207,-6.723419540229861,-4.698754789272021,-2.0162835249042117,-1.0488505747126324,-0.15325670498082605,1
20100405,0.094317377976907,654565.0,-12.815727422777664,-7.973591134166451,-6.119311483140765,-3.220938457910869,-2.18344730016506,-1.2166941759019227,0
20100406,-0.3077651515151576,1000704.0,-12.32279829545457,-7.4408143939393945,-5.65672348484849,-2.6325757575757622,-1.3589015151515274,-0.3740530303030332,0
20100407,-0.19056693663648952,1074367.0,-11.65983801810387,-6.728203906622203,-4.9523582658408785,-1.793711291090996,-0.43353978084801115,0.30967127203430816,1
20100408,-0.2142857142857224,1131973.0,-11.5789285714286,-6.626666666666685,-4.8733333333333615,-1.621428571428582,-0.3476190476190495,0.1857142857142758,1
20100409,-0.14231499051232252,602471.0,-11.789492409867188,-6.840370018975325,-5.084914611005707,-1.8085863377609177,-0.5526565464895564,-0.004743833017066743,1
20100412,-0.023646252069042355,705104.0,-11.938401513360146,-6.975644360368888,-5.21257980610075,-1.955545046110204,-0.6526365571056899,-0.3688815322771313,1
20100413,-0.2596789423984878,770959.0,-11.960930122757325,-6.977809254013229,-5.182247403210592,-2.004249291784728,-0.566572237960328,-0.4768649669499485,1
20100414,0.18859028760018456,952717.0,-11.97901933050449,-6.96723243752947,-5.128712871287152,-1.8894389438943997,-0.5704856199905809,-0.41018387553042573,0
20100415,-0.37780401416765924,846067.0,-11.727390791027165,-6.6628099173553705,-4.7853600944510415,-1.5277449822904667,-0.3612750885478127,-0.08028335301062318,1
20100416,0.8970727101038776,1134468.0,-11.648253068932982,-6.531397544853652,-4.67280453257795,-1.3467894239849145,-0.2431539187912994,-0.009442870632667098,0
20100419,-0.3759398496240688,880470.0,-11.959351503759432,-6.804746240601513,-4.969924812030111,-1.6024436090225949,-0.6766917293233005,-0.352443609022553,1
20100420,0.30480656506448434,915169.0,-12.04267291910905,-6.82602579132473,-4.962250879249738,-1.5486518171160752,-0.7901524032825067,-0.42672919109025803,1
20100421,0.138504155124659,1317937.0,-13.288088642659293,-8.087488457987078,-6.194829178208709,-2.7643120960295757,-2.015235457063706,-1.5512465373961315,0
20100422,-0.41666666666666596,1238847.0,-12.937731481481501,-7.691203703703723,-5.678703703703742,-2.2905092592592746,-1.4652777777777675,-0.8842592592592543,1
20100423,0.04673989249825456,1283558.0,-11.99766300537509,-6.689880813274131,-4.553867726104245,-1.1953727506426857,-0.37391913998595344,0.26641738724001945,1
20100426,-0.370713623725664,1383665.0,-12.643188137164044,-7.3461538461538485,-5.123262279888798,-1.8408248378127883,-1.0264133456904492,-0.31510658016682763,0
20100427,-0.5336426914153225,1239587.0,-12.408468677494216,-7.077958236658939,-4.7545243619489534,-1.4953596287703033,-0.7169373549883933,0.032482598607878874,0
20100428,2.1646051379638527,1321342.0,-10.092768791627027,-4.627973358705992,-2.16365366317792,1.0121313035204555,1.6960038058991462,1.9457659372026759,0
20100429,0.49157303370786715,1075327.0,-11.415496254681663,-6.028089887640439,-3.5285580524344504,-0.5301966292134866,0.16385767790262237,0.09831460674156013,0
20100430,0.32687368666822453,915952.0,-11.534204996497785,-6.139855241653047,-3.579266869017047,-0.6607518094793564,0.01634368433340625,-0.14008872285781526,1
20100503,0.11668611435238542,972408.0,-11.466394399066514,-6.067677946324374,-3.439439906651085,-0.6557759626604572,0.03733955659276135,-0.3313885647608005,1
20100504,-1.0591756850103633,1739954.0,-12.531775270550321,-7.19410545705732,-4.528666820170371,-1.8454985033387157,-1.11904213677181,-1.5104766290582519,1
20100505,-0.5116279069767415,1292939.0,-11.543372093023276,-6.144418604651161,-3.4023255813953344,-0.745348837209292,-0.20465116279069995,-0.07906976744185795,0
20100506,-0.458926112895814,1641032.0,-12.599816429554858,-7.256998623221657,-4.476824231298746,-1.8850390087195972,-1.4456172556218345,-1.014226709499771,0
20100507,0.8502598016060449,3486947.0,-9.935403873405786,-4.444733112895611,-1.548889938592329,1.0096835144071847,1.334435521965056,1.6532829475673188,0
20100510,4.123957091775916,3194669.0,-8.996424314660329,-3.4688915375447076,-0.5263408820023596,1.9082240762813028,1.988081048867707,2.1692491060786567,0
20100511,0.12056908608633775,2815977.0,-7.855317096696416,-2.283337352302851,0.7036411863998463,2.9804678080540254,2.7755003617072496,2.4065589582831075,1
20100512,0.20828511918536521,1724208.0,-11.464938671603797,-6.104605415413095,-3.208516547095551,-1.0749826429067204,-1.0923397361721854,-1.619995371441786,1
20100513,0.11523392486747443,1419420.0,-11.734155335330726,-6.374510255819302,-3.4579396174233508,-1.3655220096796523,-1.3482369209495295,-2.1156948605669657,0
20100514,-0.43388901575701694,1376841.0,-12.435944279515876,-7.0965973966659,-4.164877825987649,-2.103219913222212,-2.030143868463126,-2.347567937885359,0
20100517,0.37435657463733407,1016930.0,-10.191038839494627,-4.704492278895648,-1.6771174543752574,0.32288254562470314,0.3509592887225048,0.4211511464670092,0
20100518,0.49353701527614774,1506993.0,-9.700705052878973,-4.188719153936544,-1.1445358401879853,0.7591069330199942,0.5922444183313639,1.377203290246765,1
20100519,1.9067796610169545,2889701.0,-9.460805084745756,-3.9500941619585626,-0.8648775894538188,0.8262711864406926,0.6355932203389737,1.2005649717514078,1
20100520,-1.0983981693363933,2763371.0,-11.887757437070935,-6.543020594965686,-3.4704805491990607,-1.9313501144164784,-2.1464530892448566,-1.48283752860411,0
20100521,-0.9914687572054409,2247418.0,-11.123126585197127,-5.752132810698644,-2.607793405579878,-1.1182845284759038,-1.1643993543924431,-0.926908000922299,0
20100524,-0.2797202797202738,1400896.0,-10.052447552447537,-4.654545454545456,-1.4512820512820146,-0.06526806526806223,0.13986013986014517,0.23310023310023645,0
20100525,-1.5027001643578317,1409272.0,-9.2988964545668,-3.8966893637004096,-0.6780934491664589,0.6022540502465429,1.1317210612819726,0.9814510448461895,1
20100526,1.0340775558166977,1966102.0,-9.11821386603996,-3.7426556991774413,-0.4775558166862407,0.7567567567567799,1.071680376028226,1.1092831962397378,1
20100527,1.2175511141741353,1327307.0,-11.05823569951758,-5.81943487250174,-2.58626234780609,-1.4185619113255057,-1.171605789110937,-1.245118309212025,1
20100528,-0.09053870529651233,1145337.0,-12.261770031688553,-7.116794929832531,-3.8587596197374348,-2.7161611588954018,-2.537347215934801,-2.3313716613852447,0
20100601,-0.9051821679112889,1121795.0,-12.173568680696992,-7.040280606472053,-3.7266349852907714,-2.586558044806487,-2.2312740439013288,-1.7696311382665684,1
20100602,-0.8342989571263023,1063704.0,-9.955967555040555,-4.726071842410224,-1.2797219003476226,-0.27114716106602604,0.26419466975667283,0.8574739281576004,1
20100603,0.022512381809991017,841427.0,-12.41692931112113,-7.343989194056763,-3.9329131022062294,-2.962629446195397,-2.165691130121574,-1.1841512832057706,0
20100604,-1.0242707637497077,1459328.0,-13.256624359830774,-8.232910264974398,-4.826541972834559,-3.8733021598753052,-2.9637051881540932,-1.6477399242930193,0
20100607,0.3436426116838455,1184731.0,-10.64902634593356,-5.494616265750292,-1.9775486827033197,-0.9484536082474099,-0.09851088201605124,0.9484536082474423,0
20100608,0.11674060238151825,2149154.0,-8.84730329208498,-3.6121877188886304,-0.035022180714420634,1.050665421433581,1.797805276675235,2.2460891898202275,0
20100609,1.0179924242424234,1667574.0,-7.49100378787879,-2.234375000000007,1.4057765151515191,2.5532670454545414,3.1368371212121278,3.2433712121212057,1
20100610,1.4761904761904703,1574504.0,-6.881547619047623,-1.6545238095238022,1.9928571428571338,2.995238095238085,3.595238095238108,2.6809523809523754,1
20100611,-1.3102480112307024,1478140.0,-8.405357978474512,-3.31445952269539,0.25409452503506896,1.1359382311651725,1.6167524567150104,-0.11230697239120688,1
20100614,0.44527771267869165,1846487.0,-8.166510428872765,-3.134989453948922,0.4612139676587342,1.1706116709632004,1.4295758143894828,-0.4077806421373318,1
20100615,0.7266760431317447,1157479.0,-8.056024378809195,-3.086497890295369,0.49648382559772514,1.1849507735583635,1.09470229723394,-0.4641350210970307,1
20100616,-0.2722323049001757,865567.0,-10.915381125226865,-6.126134301270438,-2.657441016333967,-1.9010889292196032,-1.950998185117966,-2.8357531760435575,1
20100617,0.0909711166704552,733447.0,-10.594837389128964,-5.788719581532874,-2.32340231976349,-1.486240618603596,-1.8080509438253394,-1.6966113259040145,0
20100618,0.2711251694532412,1388796.0,-11.079078174423868,-6.2959783099864595,-2.8612742882964564,-2.0684591052869443,-2.598282873926793,-1.6538635336647072,0
20100621,0.7959972708665032,1742034.0,-10.390379804412111,-5.565158062315254,-2.138276097339121,-1.3543324994314658,-1.8831021150784695,-0.4139185808505848,0
20100622,0.20920502092049348,1059364.0,-8.313110181311043,-3.3821478382148293,0.05671780567176399,0.837982333798221,0.3277545327754657,1.9525801952580109,0
20100623,-0.6251447094234684,1320741.0,-8.57328085204911,-3.6515397082658385,-0.2986802500578951,0.5105348460291435,0.15281315119241146,1.1391525816161252,0
20100624,-0.2343017806935366,671612.0,-7.388472352389906,-2.400890346766659,0.9048734770384309,1.7268041237113112,1.508903467666367,1.743205248359887,0
20100625,0.14114326040932082,1196930.0,-6.927546459656578,-1.91390261115032,1.3159256645495099,2.0136438485062214,1.8607386497294849,1.3267466478475656,0
20100628,-0.164280685285145,1190075.0,-7.07040600797937,-2.0711100680591583,1.089885003520295,1.5900023468669373,1.6076038488617748,0.4505984510678416,0
20100629,-1.0691375623663644,1555788.0,-5.853765740080798,-0.796151104775491,2.3164647184604283,2.595628415300532,2.727488714659071,1.249703017343778,0
20100630,-0.21812893843915732,1685898.0,-3.9009936984973312,1.2733882695104333,4.307319437712054,4.430441105186629,4.110518662142523,2.3509452253999177,0
20100701,0.1724562700172288,2051205.0,-2.2613944321261643,3.0044345898004345,5.894555309189407,5.682434097068225,4.996304508499609,3.0105937423010447,0
20100702,0.6893156080748428,819765.0,-2.2709256523879806,3.000738552437218,5.68931560807484,5.076317085179726,4.022648941408175,2.003938946331874,1
20100706,0.862281350086214,1827927.0,-2.1394432126139473,3.1391968465139204,5.659029317565896,4.7770386794777036,3.266814486326665,1.0840108401083954,1
20100707,0.24166263895600365,1236317.0,-3.9435717738037694,1.2568873852102278,3.555824069598812,2.601498308361517,0.8989850169163671,-1.1889801836636162,1
20100708,0.6909697402906818,1447504.0,-5.231951393852753,-0.07195615916130729,2.0462234929711753,1.1269954729568714,-0.8101024541338964,-2.2396950202525563,1
20100709,0.37718057520036913,841567.0,-6.166666666666674,-1.0292314945780594,0.9816124469589886,0.10372465818011324,-1.9236209335219128,-2.4139556812824163,0
20100712,0.14084507042252387,590617.0,-6.483685446009395,-1.3537558685446065,0.5492957746478915,-0.33568075117371055,-2.316901408450709,-1.8967136150234736,1
20100713,0.7040600797934691,764333.0,-6.427833841821171,-1.2830321520769803,0.5153719784088238,-0.36611124149262125,-2.339826331846984,-0.9716029101149832,1
20100714,0.023132084200798327,1225493.0,-7.687138561184359,-2.598427018274364,-0.9086282674068796,-1.7291232940087793,-3.47675225537821,-1.53597039093221,1
20100715,0.2281021897810089,998304.0,-8.881500912408761,-3.8451186131387116,-2.2687043795620236,-3.1238594890510996,-4.231295620437965,-2.0529197080292096,0
20100716,0.15974440894568753,1089225.0,-8.760725696029203,-3.6983112733911687,-2.186672752167955,-3.096759470561386,-3.450479233226822,-1.3692377909630338,0
20100719,0.2805049088358986,1863013.0,-6.475338943431512,-1.2683496961196825,0.15381019167837792,-0.9139784946236684,-0.5984104721832637,1.1126694717157362,1
20100720,-0.9860123824810817,791506.0,-8.175074524191706,-3.0550332492547825,-1.6941068562256312,-2.84109149277688,-1.7977528089887613,-0.353130016051356,1
20100721,0.023052097740889836,1029294.0,-7.598662978331033,-2.4562010142923336,-1.1069617335177417,-2.28446288612262,-0.8160442600276442,0.24435223605348463,1
20100722,0.9679649688868441,826344.0,-7.531689329338559,-2.396865637243619,-1.0412537451025388,-2.283936390873456,-0.5116386264116022,0.013828070984098242,0
20100723,-0.895522388059703,4803359.0,-7.792307692307671,-2.676693455797936,-1.3892078071182479,-2.54305396096438,-0.6176808266360304,-0.47761194029850385,0
20100726,-0.2643595289593834,1026798.0,-3.431987503004066,1.8973804373948493,3.1228070175438734,1.8925739005047066,3.7779379956741237,3.600096130737815,0
20100727,0.7130972189208394,1283967.0,-4.423817447111941,0.8333729498455126,1.9134775374376203,0.7142857142857301,2.5148561920608508,1.735203232707385,0
20100728,-0.0965950253561921,1712424.0,-2.8476213475005907,2.477179425259591,3.4735571118087796,2.237382274812858,3.709248973677842,2.405216131369223,0
20100729,0.4950495049505021,2170153.0,-0.3778465346534509,5.035148514851464,5.953960396039623,4.6868811881188375,5.450495049504964,3.4851485148515065,0
20100730,-0.30120481927711984,1698008.0,1.0470632530120467,6.507530120481884,7.310742971887543,6.064257028112442,5.933734939759011,3.077309236947771,1
20100802,0.7648655317049156,1108692.0,-0.6368122378485045,4.7034295583517896,5.3274117937330505,4.247471009129055,3.575129533678752,0.789538613372811,0
20100803,-0.02433090024330416,1418689.0,-1.9750608272505996,3.2637469586374355,3.756204379562072,2.8637469586374684,1.5279805352797884,-1.080291970802926,1
20100804,-0.024497795198427267,926659.0,-1.2675159235668667,3.9681528662420327,4.365997060264619,3.5007349338559757,1.5972562469377782,-0.6908378245957777,1
20100805,-0.9664170089393539,1333513.0,-2.5828702585165257,2.536119835709112,2.8707417250544,2.0053152935491796,-0.2850930176370983,-1.5800918096158405,1
20100806,-0.3143893591293895,958099.0,-2.4332527206771415,2.661426844014485,2.912212817412351,1.9746070133011,-0.7206771463119581,-0.7545344619105314,1
20100809,1.1887433284813245,545024.0,-2.071445900048506,2.9987869966035916,3.124696749150907,2.128820960698702,-0.5021834061135562,-0.10674429888402945,0
20100810,-0.7441190590494364,868481.0,-3.0426068170907348,1.935669707153119,1.9145463274123926,0.936149783965436,-1.6514642342774901,-0.8929428708593373,0
20100811,-1.031917446604271,1227185.0,-2.999640028797692,1.9323254139668467,1.7691384689224894,0.7247420206383309,-1.612670986321087,-0.5087592992560503,1
20100812,-0.97134531325886,1130103.0,-1.7803545410393269,3.163671685284096,2.8844099077221848,1.600291403593975,-0.25254978144730256,0.5730937348227224,1
20100813,-0.40894876112581596,854229.0,-2.6208804426268966,2.2177050757757675,1.7820543661294204,0.37647341833052966,-0.7721914842434399,-0.264613904257894,1
20100816,-0.5275779376498944,1310196.0,-2.837170263788976,1.905275779376463,1.31079136690647,-0.06594724220624319,-0.8009592326139163,-0.3453237410072073,1
20100817,0.753828032979977,949590.0,-4.453828032979978,0.1288574793874906,-0.5356890459364194,-1.9681978798586648,-2.235571260306255,-1.7338044758539555,1
20100818,-0.23255813953488702,848464.0,-5.578488372093022,-1.1151162790698044,-1.8000000000000187,-3.266279069767439,-2.979069767441841,-2.372093023255805,0
20100819,-0.6281991624011076,978822.0,-5.434969753373655,-1.0300139599814082,-1.7198697068404,-3.2689623080502423,-2.563983248022312,-1.4890646812470931,0
20100820,-0.04723665564478773,952322.0,-3.9218233349079026,0.4777987718468885,-0.2182333490789304,-1.9496929617383043,-0.8573452999527789,0.3637222484647833,0
20100823,0.5446365143263178,535062.0,-3.5899834241060855,0.7411792564527139,0.017523087852213733,-1.6208856263319744,-0.3599336964243453,0.8761543926118982,0
20100824,-0.5196032120925979,985414.0,-3.754015115729821,0.49315068493143155,-0.2579121398205373,-1.8445914029286696,-0.45819555975437554,0.5621162021728683,1
20100825,0.0,1209087.0,-3.369817578772827,0.797915185974829,0.027955460791267036,-1.447524283345172,-0.023691068467183156,0.4975124378109473,1
20100826,0.5868544600938966,1118806.0,-4.16971830985917,-0.11643192488267466,-0.957276995305185,-2.091549295774644,-0.6056338028169077,-0.6009389671361508,1
20100827,0.30232558139535476,1100840.0,-4.981279069767462,-1.0218604651163266,-1.9237209302325693,-2.634883720930222,-1.1976744186046524,-1.2186046511627928,1
20100830,-0.2742857142857084,938219.0,-6.520114285714321,-2.6786285714286384,-3.6283428571428953,-3.9359999999999866,-2.422857142857132,-2.217142857142855,0
20100831,-0.7159353348729681,982690.0,-5.466974595842966,-1.6408775981524655,-2.6577367205542815,-2.683602771362568,-1.2124711316396868,-0.7575057736720459,1
20100901,0.8594657375145287,1224145.0,-4.834959349593506,-1.0520325203252354,-2.0910569105691015,-1.8594657375145005,-0.6271777003484064,0.2090592334494853,1
20100902,-0.04527960153951353,941567.0,-7.154856237265126,-3.5200362236812803,-4.52931854199686,-4.033280507131524,-2.8775186778356368,-1.6210097351143495,1
20100903,0.33452274754683,954194.0,-8.447925958965222,-4.907671721677109,-5.859500446030333,-5.07805530776093,-3.771186440677971,-2.270294380017843,0
20100907,-2.3772146221125863,915299.0,-7.837968154294707,-4.324287956941075,-5.238394258802435,-4.167974882260595,-2.7023996411751474,-1.3455931823278633,1
20100908,0.15628488501897808,584343.0,-8.14981022549678,-4.697253851306134,-5.564188434918518,-4.24648359008706,-2.5898638088859043,-1.1207858897075296,0
20100909,0.7819481680071525,593556.0,-7.984807864164445,-4.58422698838254,-5.381590705987488,-3.8371313672922116,-1.9548704200178573,-0.29043789097408973,0
20100910,-2.271714922048989,4979426.0,-8.163363028953222,-4.831625835189333,-5.51447661469933,-3.722717149220462,-1.7483296213808386,-0.27616926503341277,0
20100913,0.3713158505453622,2466939.0,-4.218148062195402,-0.839405894639158,-1.4295660245996906,0.4977953121374057,2.3996286841494685,3.100487352053837,0
20100914,-0.16389604308124628,1475098.0,-3.300398033247494,0.03137438538981523,-0.4546944509482607,1.5101849683915014,3.0671973776633323,3.137438538983836,1
20100915,-0.3530242409978785,824205.0,-2.7444104495175505,0.542245234172737,0.1501529771711003,2.040480112967784,3.4102141680395506,2.58884443398447,1
20100916,-0.06996268656716684,1062814.0,-3.5599347014925344,-0.37873134328357766,-0.6907649253731649,1.0984141791045026,2.4300373134328557,0.7789179104477686,1
20100917,0.6017125665355195,1418511.0,-4.225757926405889,-1.1370053228419241,-1.3918074519787045,0.35292756306412987,1.4255959268687959,-0.7729692200879336,1
20100920,0.4389004389004337,712750.0,-4.336336336336324,-1.2908292908292862,-1.5338415338415374,0.27720027720028767,0.8801108801108971,-0.8639408639408529,1
20100921,0.27303754266211017,1178314.0,-5.701592718998851,-2.745164960182021,-2.95108077360638,-1.0329920364050231,-0.7804323094425563,-1.7883959044368631,0
20100922,0.13704888076747893,896547.0,-5.26119232526268,-2.3458200091365944,-2.5207857469164003,-0.484239378711748,-0.625856555504815,-0.817724988579253,0
20100923,-0.4549590536851748,871995.0,-5.5799590536851555,-2.7204276615104517,-2.886715195632389,-0.6926751592356789,-1.214740673339397,-0.7324840764331272,1
20100924,0.8685714285714343,1810592.0,-5.059542857142852,-2.246171428571415,-2.424685714285715,-0.08457142857144259,-1.0034285714285716,-0.009142857142868317,0
20100927,-0.04476275738586197,920573.0,-6.958370635631144,-4.2432855863921,-4.417188898836163,-1.9762757385855187,-2.7081468218442275,-1.4682184422560403,0
20100928,0.4101161995898831,1073883.0,-5.212349054454304,-2.512645249487327,-2.6461608566871733,-0.19594440647075126,-0.6880838459785819,0.27796764638869875,0
20100929,-0.20590253946466117,2031222.0,-4.759780370624556,-2.0798444291923768,-2.2406771905742513,0.261953786318903,-1.6255839299018537e-14,0.6588881262868996,0
20100930,-0.07025761124122046,1848481.0,-2.4552693208430765,0.25386416861830763,0.03981264637001383,2.592505854800935,2.3231850117095956,2.449648711943792,1
20101001,0.8030231459612571,4106047.0,-1.582191780821914,1.1268304204062523,0.8408124704770941,3.248700991969774,2.9877184695323415,2.6547000472366444,1
20101004,0.7834101382488557,1720781.0,-3.9271889400921487,-1.338709677419313,-1.6290322580645014,0.5610599078341117,0.4976958525345647,-0.44239631336403934,1
20101005,0.09272137227630771,1243017.0,-3.2909133055169524,-0.7498840982846446,-0.9652294853963908,0.9990727862772473,0.9156235512285653,-0.19007881316643657,1
20101006,0.06775067750677764,868919.0,-5.70934959349594,-3.294037940379381,-3.415085817524858,-1.6587624209575362,-1.5695573622403056,-2.5022583559168856,1
20101007,0.22598870056497497,799425.0,-5.575367231638423,-3.194350282485842,-3.2212429378530825,-1.6497175141242868,-1.4372881355932268,-1.7355932203389686,1
20101008,0.24763619990994917,922493.0,-5.872467357046362,-3.5227375056280916,-3.410625844214303,-2.0801440792435826,-1.663665015758677,-1.1751463304817775,1
20101011,-0.133214920071053,795931.0,-7.101687388987534,-4.793960923623427,-4.509325044404955,-3.211589698046182,-2.9373889875666084,-1.8072824156305507,1
20101012,1.0638297872340514,1807346.0,-7.207779255319134,-4.931294326241107,-4.475177304964535,-3.116134751773047,-2.8368794326241162,-1.103723404255314,1
20101013,0.13009540329575517,1216432.0,-9.152428447528155,-6.933000867302669,-6.3287077189939245,-4.823287077189938,-4.4210754553339,-2.4501300954033014,1
20101014,-0.28059572631123564,1879951.0,-9.497086121303672,-7.280811569177602,-6.515432764947132,-4.8823656378156715,-4.0707964601769975,-1.9943880854737897,1
20101015,0.5307855626326964,1412985.0,-10.89989384288748,-8.700849256900202,-7.801273885350344,-6.024416135881101,-4.628450106157127,-2.4585987261146522,1
20101018,-0.9714889123548065,2613541.0,-11.291024287222836,-9.081520591341077,-8.034635691657899,-6.0918690601900645,-4.297782470960937,-1.997888067581833,0
20101019,-0.9700548291859993,1985165.0,-11.339519190215134,-9.133698861239989,-7.908899198650386,-5.864614086883169,-3.536482496836762,-1.1725010544074326,1
20101020,0.2135383301302614,989799.0,-10.152573136878097,-7.93230834934871,-6.527866752081988,-4.352978859705315,-1.7766389066837363,0.3758274610292437,1
20101021,0.4025423728813511,958147.0,-10.779343220339003,-8.590254237288136,-7.02627118644071,-4.7595338983050794,-1.9216101694915328,-0.04237288135595388,0
20101022,0.0212359311955787,696977.0,-10.495328095136989,-8.29305585049906,-6.558080271819936,-4.182416648970064,-1.1255043533658975,0.1868761945211318,0
20101025,0.7921216013701509,515073.0,-9.69225005352172,-7.497966174266764,-5.577820595161673,-3.1856133590237623,0.03639477627917579,0.7278955255833789,0
20101026,-0.38322333404300557,620554.0,-10.111879923355332,-7.966148605492871,-5.876091121992772,-3.3936555248030684,-0.12348307430273095,-0.021290185224607218,0
20101027,-0.45083726921425693,684650.0,-9.285959639330159,-7.132674967797311,-4.910691283812791,-2.2767282095319827,0.8115070845856746,0.7084585659081267,0
20101028,0.4288164665523217,580758.0,-9.328259005145789,-7.170454545454508,-4.876929674099469,-1.9800600343053265,0.7482847341337987,0.338765008576332,0
20101029,-0.06468305304010594,388143.0,-8.760996119016816,-6.560802069857657,-4.1970677015954925,-0.9950409659336092,1.1578266494178504,0.5950840879689594,1
20101101,0.40720102871839875,644122.0,-9.249035576510938,-7.021645949421298,-4.586798114016273,-1.239819974282052,0.4029147021003052,-0.030004286326609075,1
20101102,5.4483054483054465,4146652.0,-9.109931359931348,-6.858644358644309,-4.3166023166023,-0.7818532818532811,0.31746031746030917,-0.0943800943800878,0
20101103,0.0,2231975.0,-13.626171079429747,-11.432179226069202,-8.874134419551947,-5.302443991853383,-4.28716904276988,-4.114052953156829,1
20101104,1.9337584859082446,2252986.0,-12.682987039703747,-10.416992388397386,-7.692244394157559,-3.899403414935195,-3.0322978810944474,-2.3369677021188964,1
20101105,1.32910136877604,1994088.0,-15.70204324538779,-13.490180519738072,-10.678436818091612,-6.7367585796468825,-5.83614362229715,-4.225352112676048,1
20101108,-0.7605304212168498,869409.0,-17.016965678627134,-14.815327613104461,-11.87090483619341,-7.710608424336961,-6.542511700468026,-4.04836193447738,1
20101109,0.40959625511994097,1261303.0,-16.884922956894872,-14.661985566608088,-11.560366686171193,-7.092841817827185,-5.685586112736519,-2.215720694363181,0
20101110,-0.23157082207641344,1175825.0,-17.64347742184484,-15.41624855268231,-12.17020455422612,-7.528946352759536,-5.675414897722892,-2.203782323427254,0
20101111,-4.414624659665506,5705741.0,-16.880299494360145,-14.59490470633989,-11.161415791520762,-6.314663555036923,-4.012057565149737,-0.3500583430571618,1
20101112,-0.0979815794630693,2290082.0,-16.121301195375256,-13.788555751518667,-10.213599843229437,-5.213599843229457,-2.3672349598275493,0.6545169508132672,0
20101115,0.4963271788763153,1020383.0,-14.903811792733771,-12.506253722453797,-8.817550129045028,-3.6718284693269503,-0.3513996426444163,1.6120706769902813,0
20101116,-0.7874015748031469,1365487.0,-15.50206692913382,-13.083661417322773,-9.344881889763737,-4.1545275590550945,-0.3720472440944743,0.5669291338582751,0
20101117,0.14112903225806508,741381.0,-13.355947580645145,-10.83991935483866,-6.957661290322567,-1.5564516129032084,2.139112903225806,2.1048387096774275,1
20101118,0.7043670758703994,1059713.0,-13.408834775608744,-10.848460454819811,-6.927752062789278,-1.4842020527269013,2.171463071040438,1.2235862346548543,1
20101119,-0.25732383214568993,995352.0,-14.709619952494046,-12.129849564528856,-8.234362628661923,-2.7632620744259713,0.5146476642913517,-0.64133016627078,0
20101122,-0.1792828685259032,1069785.0,-14.046215139442234,-11.378286852589627,-7.366135458167346,-1.7958167330677264,0.9402390438247038,-0.07569721115538608,0
20101123,-0.8006405124099251,895292.0,-13.510408326661317,-10.76561248999197,-6.630904723779044,-1.0248198558847228,1.1629303442754122,0.06805444355484172,0
20101124,0.7492912110166007,804464.0,-12.379910895099227,-9.539489671931927,-5.255164034021883,0.42122316727419684,1.8570271364925246,1.1543134872417988,0
20101126,-0.6060606060606003,384218.0,-12.474040404040403,-9.594747474747463,-5.217373737373736,0.46666666666667,1.2222222222222303,0.8323232323232448,0
20101129,-0.589790522676427,1227789.0,-11.77303233679073,-8.841570063046587,-4.33882448647551,1.4246491763270248,1.5232865568436085,0.9599349196664805,0
20101130,-0.9387755102040833,1016602.0,-11.355306122448972,-8.391020408163257,-3.773877551020429,2.015306122448974,1.5959183673469464,0.8204081632653083,1
20101201,1.0664479081214175,1205864.0,-10.814909762100099,-7.813781788351128,-3.1029532403609767,2.7368744872846564,1.6776045939294462,0.8244462674323237,1
20101202,-0.08043434546551206,905338.0,-12.44269052885584,-9.46873114820029,-4.753669817011887,0.7963000201085738,-0.27950935049266623,-1.0014076010456274,0
20101203,-0.42518728487548263,1080582.0,-11.733650536545893,-8.72079368293177,-3.878112978335735,1.569143551326162,0.3462239319700188,-0.364446244178983,1
20101206,0.9485368314833622,2787236.0,-11.91301715438954,-8.900302724520701,-3.9543895055499685,1.1543895055499407,-0.17356205852675205,-0.5327951564076749,0
20101207,0.257936507936513,1006513.0,-13.288591269841305,-10.306150793650819,-5.347222222222237,-0.6388888888888943,-1.8174603174603252,-1.654761904761925,0
20101208,0.502815768302494,822073.0,-11.994670152856031,-8.93986323411103,-3.818181818181837,0.5641592920354054,-0.5229283990345898,0.07642799678197246,0
20101209,0.303520841764465,1117105.0,-11.360886280857997,-8.269526507486855,-3.0032375556454904,0.9318089842169084,0.08903278025090434,0.5584783488465989,0
20101210,0.10254306808860597,1487846.0,-10.068191140278962,-6.917555373256763,-1.441755537325683,2.025225594749804,1.2920426579163302,1.6611977030352942,0
20101213,0.14161440420797144,830177.0,-11.190167914222164,-8.05705037426665,-2.4907950637264844,0.4804774428484812,-0.02832288084158566,0.23467529840179396,1
20101214,0.3496503496503532,1351986.0,-9.623200329082703,-6.421020156314267,-0.6515837104072412,1.9744960921431527,1.559029206088035,1.172357054710011,1
20101215,-0.28169014084507155,2274955.0,-11.49044265593565,-8.291750503018099,-2.546478873239449,-0.3521126760563323,-0.4587525150905606,-1.0342052313883359,1
20101216,0.2541047693510605,1315869.0,-13.906860828772494,-10.731235340109443,-5.058639562157966,-3.043393275996877,-3.019937451133702,-3.178264268960121,1
20101217,-0.11645962732919696,1097766.0,-14.39557453416151,-11.158773291925442,-5.439829192546608,-3.5432841614906794,-3.28416149068323,-2.783385093167711,1
20101220,0.5236617532971218,1001988.0,-14.355314197051996,-11.011249030255996,-5.2362296353762945,-3.5172614429790623,-2.969356089992253,-2.0325833979829357,0
20101221,0.17428350116188285,756959.0,-14.375290472501954,-10.920604182804018,-5.127420604182839,-3.5273044151820443,-2.879550735863675,-1.0147172734314502,0
20101222,0.19451468585878512,981926.0,-13.882804901770097,-10.310445438630596,-4.458276599883322,-2.9546780781949007,-2.11631978214354,0.09336704921223288,1
20101223,0.019580967299780712,574158.0,-13.206872919522244,-9.518112394752302,-3.628353240650105,-2.1431368709614325,-1.1415703935774397,0.7244957900920256,1
20101227,-0.11614401858303362,487491.0,-14.094754161827353,-10.34165698799844,-4.522648083623716,-3.0516840882694596,-1.7092528068137742,-0.37166085946573785,0
20101228,-0.21194605009633802,555022.0,-14.390847784200405,-10.55375722543353,-4.77919075144512,-3.2369942196531922,-1.6878612716763097,-0.7013487475915168,0
20101229,0.09686168151879943,337907.0,-13.816543975203427,-9.869624176675714,-4.097249128244885,-2.4583494769469305,-0.5734211545912425,-0.17047655947307433,0
20101230,-0.038850038850031125,333926.0,-13.47707847707847,-9.425213675213676,-3.678710178710191,-1.9289044289044333,0.04273504273503976,0.12820512820514687,1
20101231,-0.272638753651413,598596.0,-13.153651411879252,-9.007205452775086,-3.258812074001977,-1.5228821811100361,0.333008763388509,0.4907497565725323,1
20110103,0.09674922600618645,1200646.0,-13.602844427244595,-9.394543343653279,-3.70317337461302,-1.9301470588235476,-0.27670278637772405,-0.1431888544891741,0
20110104,0.3300970873786441,1057171.0,-13.19330097087379,-8.877475728155366,-3.1953398058252738,-1.3980582524272098,0.06019417475726544,0.0504854368931966,0
20110105,0.0,1643611.0,-12.309267241379304,-7.870689655172419,-2.153213166144208,-0.44670846394984626,0.8444357366771248,0.7249216300940527,1
20110106,0.07911392405063122,1297785.0,-11.386570411392404,-6.820806962025328,-1.0822784810126655,0.5814873417721458,1.6337025316455707,1.3172468354430316,1
20110107,0.03857280617164131,1052702.0,-13.49074252651881,-8.957762777242053,-3.340019286403099,-1.686595949855361,-0.7444551591128309,-1.0106075216972052,1
20110110,-0.5892415890515155,1835924.0,-14.634099980992204,-10.090287017677237,-4.5094088576316,-2.7409237787492877,-1.9977190648165648,-2.0870556928340602,1
20110111,0.31835205992509685,985270.0,-15.78370786516851,-11.225280898876397,-5.659176029962517,-3.8080524344569358,-3.166666666666658,-2.8239700374531886,0
20110112,0.8522727272727327,1218526.0,-14.722916666666636,-10.018371212121192,-4.354545454545413,-2.3191287878787863,-1.8428030303030016,-1.0530303030302846,0
20110113,0.1152516327314544,1041813.0,-13.415674222051454,-8.550518632347263,-2.786016135228545,-0.7039953899346809,-0.3361505954667636,0.9296965040338105,0
20110114,-0.24870862827626278,994824.0,-13.662999808685653,-8.72795102353165,-3.0552898412090546,-0.9967476563994657,-0.5605509852688088,0.6849052994069198,1
20110118,0.21190522057408312,1664927.0,-12.972741282989764,-7.908110190714686,-2.2558273935657587,-0.27258717010210104,0.17337699865151882,1.1134656135619398,1
20110119,-0.2433090024330948,984737.0,-15.343814336515042,-10.325285420175923,-4.92345124461909,-2.9346808908852666,-2.315178738536393,-1.7518248175182347,0
20110120,-0.26692087702573986,1658862.0,-13.662249761677758,-8.469590085795987,-3.1023832221162775,-1.0438512869399552,-0.22116301239275435,-0.04957102001907217,1
20110121,0.9659090909091006,2285621.0,-14.132291666666653,-8.90492424242424,-3.686742424242378,-1.5681818181818103,-0.4583333333333149,-0.43181818181817133,1
20110124,0.11090573012938107,1305630.0,-16.08530499075782,-10.894269870609993,-5.916820702402932,-3.653419593345659,-2.4343807763401113,-2.1478743068391717,1
20110125,-0.2567394094993592,1291464.0,-16.634788189987155,-11.386392811296538,-6.54465431872363,-4.150009169264635,-2.8516412983678703,-1.9585549238950994,1
20110126,0.40344764349898926,2633837.0,-16.523198239501195,-11.196405648267014,-6.416284613973951,-3.908857509627746,-2.6444159178433893,-1.5551072803961234,0
20110127,-0.2500446508305065,1560865.0,-18.578764065011597,-13.31291302018217,-8.655831398463992,-6.024290051794972,-4.613323807822836,-2.857653152348636,0
20110128,0.23757309941520935,1002336.0,-16.576023391812864,-11.115862573099413,-6.3925438596491055,-3.5471491228070224,-1.9133771929824506,0.09868421052631952,0
20110131,0.31746031746032066,1459819.0,-14.64883286647993,-9.01027077497665,-4.199813258636754,-1.2343604108310016,0.46872082166200707,2.0802987861811473,1
20110201,0.532012474775269,1545313.0,-16.042377545404516,-10.433865345808108,-5.71014492753622,-2.7141808842414266,-0.8237020730141222,0.2751788662630814,1
20110202,-0.3453289712831785,1038340.0,-16.708197019265718,-11.080152671755735,-6.4205743366048615,-3.2960741548528025,-1.4540167211923143,-0.47619047619048993,1
20110203,-0.2549626661810116,1495618.0,-16.435804042979402,-10.686760152977598,-6.06155527226367,-2.749954470952464,-0.8085958841741079,-0.6701875796758112,1
20110204,-0.10756543564001841,1032550.0,-17.626389386877015,-11.845464324130523,-7.31803513804231,-3.798852635353198,-1.821441376837586,-1.8393689494442513,1
20110207,-0.07211105101856706,549494.0,-17.051739679105832,-11.118802956553091,-6.580493960699461,-2.934919776455742,-1.025779700739143,-0.5985217234541207,0
20110208,-0.08962179602078715,744165.0,-17.41432156300412,-11.397203799964151,-6.890840652446663,-3.20666786162395,-1.3676286072772865,-0.7098046244846888,0
20110209,0.25353132922854144,789912.0,-16.452100688156456,-10.265121332850413,-5.710612097066276,-2.042738138355694,-0.22455632017386717,0.3875407461064678,1
20110210,-0.5916098960200759,1120078.0,-17.1677124417354,-10.942093940480465,-6.414126927214074,-2.759053424166396,-1.263893868770191,-0.30835424883472795,1
20110211,-0.5491585473870723,1265143.0,-18.029229406554474,-11.777679362267502,-7.252435783879567,-3.5243578387954186,-2.1293179805137505,-1.2542072630646688,1
20110214,0.12254901960784363,1576173.0,-18.865633753501385,-12.578956582633039,-8.081582633053234,-4.2314425770308155,-2.6523109243697487,-1.8347338935574138,0
20110215,0.05295675198588021,1281319.0,-18.070697263901142,-11.629655781112081,-7.062665489849977,-3.018534863195059,-1.4669020300088316,-0.716681376875537,0
20110216,0.6200177147918411,1537859.0,-17.66510186005314,-11.091585473870685,-6.488928255093048,-2.4074402125775176,-0.8644818423383516,0.07085916740479407,0
20110217,0.05315379163713879,1439011.0,-17.531449326718633,-10.867469879518064,-6.258327427356515,-2.036676116229643,-0.5758327427356535,0.322466335931967,0
20110218,0.16074298981960403,1557920.0,-16.75781389533845,-9.934988390784074,-5.2809430255403145,-0.9644579389176877,0.26076085015181427,0.9644579389176497,0
20110222,-0.4662004662004753,1548525.0,-16.309037116729417,-9.36345705576475,-4.679576833423038,-0.4240631163708332,0.7100591715976218,0.8786085709162412,0
20110223,0.20051039008384877,1822471.0,-14.803135253372224,-7.6383521691578515,-2.8760481224936782,1.2577469923441318,2.2110827561064545,1.8993802406124711,1
20110224,-0.2548234437568267,1782475.0,-14.804605023662182,-7.543502002184184,-2.8168911539861976,1.1476155806334143,2.011285038223511,1.201310520567899,1
20110225,0.1631025733961642,1079393.0,-15.066690830010874,-7.7321493294671795,-3.0018122508155476,0.6342877854294932,1.4588619064878574,0.3044581370061603,1
20110228,0.3593244699964119,1105735.0,-15.688914840100598,-8.302910528206962,-3.6241466043837893,-0.14911965504850597,0.44196909809557156,-0.679123248293209,0
20110301,0.2680007146685699,882263.0,-16.047078792210108,-8.601929605145592,-3.9860639628372496,-0.4859746292656753,-0.3198141861711668,-1.157763087368226,0
20110302,-0.018018018018014434,1160959.0,-15.22117117117117,-7.625225225225224,-3.029549549549569,0.44594594594595005,0.3171171171171206,-0.09009009009008498,1
20110303,0.6467840459935439,1161606.0,-15.347107438016504,-7.688825008983104,-3.1609773625584148,0.21469637082286971,-0.11318720804885966,-0.11857707509881872,1
20110304,-0.08758101243651123,566638.0,-17.33955158521631,-9.789980732177266,-5.395691014188144,-2.1045717288491907,-2.501313715186555,-1.9513049570853112,0
20110307,0.1585344372027414,718910.0,-16.758499207327805,-9.076272679232,-4.673595208737031,-1.4655627972520708,-1.8143385590981296,-1.0075744231108028,0
20110308,0.28535758872836914,754801.0,-15.606028179061878,-7.7636882468343105,-3.305154271446421,-0.18191546281433343,-0.5350454788656985,0.2639557695737529,1
20110309,0.017683465959337077,872410.0,-16.201679929266124,-8.365870910698495,-3.952961980548185,-0.9619805481874268,-1.0804597701149374,-0.21573828470380177,0
20110310,-0.9583551141313769,1371319.0,-17.299268165185584,-9.527792298309816,-5.167450775396414,-2.2225126328628697,-2.1014113957135567,-1.073357727827147,1
20110311,0.0,1370479.0,-15.754519673874512,-7.811591634172291,-3.3668911733428106,-0.484757178305588,-0.19851116625311765,0.3899326479971621,1
20110314,-0.15814443858723654,1014826.0,-16.362326480407646,-8.438587243015299,-4.008082937972247,-1.3011772974872684,-0.8381655245123949,-0.4252328237568168,0
20110315,-2.7332040204549535,1523889.0,-15.95688591077411,-7.941456533239298,-3.480514900370325,-0.9892435196614353,-0.35796155880798813,0.15164873919944563,0
20110316,-0.5420054200542083,1933817.0,-13.791056910569106,-5.532249322493239,-0.976332429990989,1.3261065943992547,2.063233965672983,2.178861788617879,0
20110317,1.2068325287783115,1550288.0,-11.306721128852574,-2.793167471221693,1.8507240995172547,3.8887857408094995,4.552543631637575,3.6947642034905344,0
20110318,0.842182350787259,977795.0,-12.447455144635653,-4.0009154155986915,0.5646283412669462,2.2766385939216485,2.6455510801904074,1.59282314170633,0
20110321,-0.036818851251846696,994855.0,-11.877301178203222,-3.3354197349042805,1.2584683357879336,2.687776141384377,2.761413843888084,1.2002945508100165,1
20110322,0.07288629737609173,606823.0,-12.67419825072887,-4.170553935860088,0.33564139941690424,1.5588556851311681,1.4959912536443112,-0.4992711370262278,0
20110323,-0.3629105425512663,543978.0,-12.927236436218475,-4.416802758120138,0.007621121393584508,1.1576846307385324,0.8111050626020735,-1.0016330974414671,1
20110324,0.32918800292611505,454876.0,-12.128749085588863,-3.513350402340897,0.8408924652523929,1.9294074615947325,1.1082662765178994,0.07681053401608355,1
20110325,0.3252032520325198,966608.0,-13.07181571815718,-4.524299909665784,-0.2876242095754391,0.7109304426377524,-0.30894308943090604,-0.8708220415537605,1
20110328,0.21559468199785223,888757.0,-13.439902982393084,-4.893639956881059,-0.7136183974128475,0.15001796622351404,-1.0887531440890899,-0.9414301113905745,0
20110329,-0.12547051442910967,733773.0,-13.524018641333555,-4.995339666606924,-0.8187847284459475,-0.09948019358307043,-1.4841369421043125,-0.8460297544362813,1
20110330,0.592778875516433,697588.0,-13.220765223639289,-4.663732710616155,-0.4699119813184864,0.13112987246271474,-1.2142985449973216,-0.4311119094665154,0
20110331,-0.21390374331551615,2234470.0,-13.778787878787869,-5.293048128342246,-1.1376114081996267,-0.597147950089128,-1.572192513368993,-0.6880570409982224,1
20110401,0.23197715917202458,1030216.0,-13.578783012134174,-5.106709493219121,-0.9036402569593008,-0.5844039971448975,-1.2134189864382579,-0.33547466095646394,1
20110404,0.2831858407079586,1007362.0,-14.174070796460164,-5.786725663716815,-1.5794690265486637,-1.4176991150442513,-1.6318584070796283,-0.8495575221238884,1
20110405,-0.07031112673580445,1692757.0,-14.648883810863058,-6.343469854104416,-2.156090701353485,-2.0214448936544307,-1.9528915450870175,-1.1425558094568566,1
20110406,0.553441715669319,1517316.0,-15.893721895537846,-7.739190591490824,-3.616049809754413,-3.487547561397429,-3.061224489795924,-1.988931165686611,0
20110407,-0.3082191780821913,832257.0,-16.59880136986299,-8.52928082191778,-4.440753424657539,-4.359589041095853,-3.386986301369841,-2.174657534246556,0
20110408,0.22456382794956392,695721.0,-15.73268267403694,-7.593539471411269,-3.533252720677148,-3.3900500950077586,-2.097080670236641,-0.6736914838486795,0
20110411,0.15649452269171174,731492.0,-15.045470352982054,-6.866284124500072,-2.798817596939663,-2.699530516431916,-1.1284993914101786,0.333854981742306,1
20110412,-0.24183796856106507,495923.0,-15.471152185178758,-7.334427362238714,-3.286923475557102,-3.236310243565395,-1.4147521160822172,0.02072896873381855,1
20110413,0.17322016282695554,894476.0,-15.101420405335167,-6.938333622033589,-2.9073272128875987,-2.761995496275773,-0.7846873376060902,0.2667590507535014,1
20110414,-0.25415113520841354,1062740.0,-16.8065909861064,-8.828363266689262,-4.8939342595730695,-4.450186377499189,-2.4584886479159977,-1.7146729922060444,0
20110415,0.17226528854436077,682815.0,-15.26606373815675,-7.169681309216204,-3.1965546942291296,-2.5581395348837446,-0.48234280792420525,-0.017226528854432405,0
20110418,-0.8695652173913011,649880.0,-15.97919863597613,-7.971184995737427,-4.089002557544786,-3.185848252344424,-1.1338448422847507,-0.6513213981244758,0
20110419,0.1208354911099608,682277.0,-14.785258070084586,-6.679785948558603,-2.812014500258954,-1.719316416364594,0.2744691869497651,0.5972725703435121,1
20110420,0.8637070305752288,982916.0,-14.583779581965818,-6.4703748488512804,-2.672309552599802,-1.4112972879599366,0.35584729659697506,0.7220590775608777,0
20110421,0.514933058702376,915758.0,-14.986440096120845,-6.908341915550989,-3.1860624785444824,-1.7301750772399636,-0.3055269481633886,-0.1785101270168076,1
20110425,-0.1891659501289758,1120839.0,-14.690369733447998,-6.574892519346511,-2.921410146173723,-1.303525365434202,-0.07222699914014528,0.04471195184867301,1
20110426,0.3572036060554531,1394067.0,-15.481374383398542,-7.421330158190168,-3.8986222146623963,-2.1117536996087924,-0.9423371321653499,-0.9967681578499841,1
20110427,0.15100671140938976,2477191.0,-16.487500000000008,-8.513926174496646,-5.121476510067147,-3.122483221476517,-2.0016778523489895,-1.7818791946308803,1
20110428,-1.5217743241055606,1620165.0,-19.271248178727557,-11.527440505099586,-8.288813339808998,-6.032054395337575,-4.790351303221645,-3.97604014893962,1
20110429,-0.032138839787877266,996226.0,-19.720231399646476,-11.977663506347417,-8.78097380684558,-6.2341314478547325,-4.978306283143189,-3.409930901494467,1
20110502,0.4676665054023531,1358806.0,-19.288743751007907,-11.478148685695839,-8.277697145621701,-5.420093533301099,-4.002580228995345,-1.8222867279471096,1
20110503,-0.06311139160618356,848620.0,-20.870858314925865,-13.176080782581254,-10.027137898390686,-6.921741874408342,-5.331334805932478,-2.4960555380246148,0
20110504,-0.3512693597317674,1478660.0,-19.771435414338196,-11.925435095002392,-8.730640268242073,-5.348874341369965,-3.447229762094841,-0.3608494331789976,0
20110505,-0.19062748212868075,995779.0,-20.02382843526609,-12.14773629864972,-8.937569499602876,-5.422557585385224,-3.1342335186656167,-0.49245432883241025,0
20110506,1.4308681672025731,884520.0,-18.908279742765284,-10.883118971061084,-7.606109324758868,-3.9766881028938923,-1.3327974276527341,0.697749196141475,1
20110509,-0.15913430935709966,1014185.0,-19.580681094844053,-11.56444939528961,-8.303309993634633,-4.560789306174411,-1.5913430935709854,-0.0636537237428489,0
20110510,-0.015802781289503808,1037608.0,-19.968631479140342,-11.964759797724389,-8.70006321112516,-4.7684892541087205,-1.5660556257901384,-0.7901390644753589,0
20110511,0.1913570403444386,1331503.0,-19.07662254823792,-10.980385903364677,-7.655238398979411,-3.5185775793334484,-0.1754106203157382,0.13713921224685954,1
20110512,-0.06376534353578694,745199.0,-18.93248844253147,-10.830065359477103,-7.454168659333621,-3.150805037462142,-0.05420054200540701,0.03507093894468112,1
20110513,-0.06293266205160344,772719.0,-19.808920704845825,-11.805695405915673,-8.414096916299535,-4.0583700440528565,-1.1500943989930912,-0.8432976714915063,0
20110516,-0.07940289026520114,855019.0,-18.873908210258843,-10.799428299190085,-7.369223439733194,-2.7687787835477056,-0.07146260123868779,0.12704462442432635,1
20110517,-0.31540766440623835,732763.0,-19.25642643116227,-11.22914366819112,-7.8025548020816595,-3.068128055511731,-0.7601324712190496,-0.5267307995584231,0
20110518,0.06330115524608189,1124712.0,-18.800522234530764,-10.72827979110617,-7.2562114258585,-2.314448488684883,-0.32600094951729985,-0.028485519860727296,0
20110519,-0.284810126582278,1463029.0,-18.636313291139224,-10.559810126582256,-7.060443037974677,-1.9098101265822682,-0.3022151898733992,0.1044303797468394,0
20110520,-0.07994883274703735,1130886.0,-17.608570514870447,-9.445794691397476,-5.914934441957132,-0.5324592260952851,0.804285257435253,0.8346658138791149,0
20110523,-0.8525012063696334,1220264.0,-16.950780119028458,-8.737172269583386,-5.170017693421273,0.3828212964452187,1.2964452308187187,1.1774167604954147,1
20110524,0.12924071082390678,1004505.0,-16.421486268174444,-8.17075928917605,-4.595153473344092,1.071890145395798,1.5153473344103432,1.1308562197092131,1
20110525,-0.016168148746965257,1270910.0,-16.19070331447046,-7.926758286176202,-4.351818916734024,1.335489086499608,1.4583670169765464,0.7793047696038907,1
20110526,0.0,1738730.0,-16.563935742971854,-8.348594377510022,-4.744738955823273,0.7228915662650762,0.7293172690762948,-0.17349397590359822,1
20110527,-0.06262721152340558,666354.0,-18.502583372475318,-10.479567872240468,-6.8473461719116795,-1.7034601534366363,-1.7770471269766683,-2.289024581180517,1
20110531,0.6874999999999964,929069.0,-18.49289062499997,-10.458906249999988,-6.743437499999983,-1.7476562499999737,-1.8156249999999985,-1.9156249999999986,0
20110601,-0.2798072438986361,985679.0,-18.735115809109274,-10.704181563811591,-6.910617130421253,-2.177833048344457,-2.176278563656157,-1.663298616508617,0
20110602,0.3146633102580172,884524.0,-17.58456576463185,-9.438168659534297,-5.50975456261798,-0.9196035242290613,-0.9329767149150353,0.06607929515417635,0
20110603,-0.9234622006573853,817448.0,-17.846767882297705,-9.729378619502265,-5.722961339802782,-1.3578024730004692,-1.3366724056973134,0.06260760682421668,0
20110606,-0.15752993068682156,1083237.0,-17.15469439193447,-8.987555135475732,-4.83679899180842,-0.6198802772526717,-0.551354757403909,0.5860113421550093,1
20110607,0.26928560114049516,1019334.0,-16.53073023918898,-8.319341042293683,-4.062727704736256,-0.045936955488679654,0.15206716299698483,0.8680500554411448,1
20110608,-0.3450439146800484,1525570.0,-17.186637390213274,-9.04171894604768,-4.75658720200752,-0.995922208281073,-0.5457967377666233,-0.3074027603513142,1
20110609,-0.10872941907423607,998302.0,-17.81298539919228,-9.729574401988195,-5.406958682820733,-1.8196644920782772,-1.1105933519726565,-1.012736874805842,0
20110610,-0.32745984718539495,877656.0,-17.32169031654449,-9.187119912677364,-4.774364571963186,-1.3277717137065361,-0.4319351317636068,-0.5520037423982523,0
20110613,0.174078176926728,551819.0,-15.928865326792177,-7.68175344200031,-3.1334071846811042,0.11077702168065737,0.9416046842854977,0.8355752492482967,1
20110614,0.4246618433469694,851938.0,-16.282714690154105,-8.072978924189991,-3.4904057879836103,-0.4553318653664512,0.2563699276501993,0.3586033343818723,1
20110615,-0.8315368032029443,1080986.0,-17.872805666769292,-9.811210348013553,-5.251616877117322,-2.422235910070824,-1.749307052664002,-1.3797351401293516,0
20110616,0.23452157598498838,936316.0,-16.45293933708563,-8.275171982489054,-3.5787992495309258,-0.8669480925578444,-0.18136335209506999,0.0,0
20110617,0.5953313488954965,1438918.0,-16.120006266645724,-7.942660191132686,-3.194109352968793,-0.6156979476735089,0.012533291555699001,0.10966630111233007,1
20110620,-0.03147128245475377,843769.0,-15.597954366640398,-7.395121951219508,-2.6055074744295594,-0.0983477576711251,0.464201416207702,0.664044059795432,1
20110621,0.12424289485944759,1228975.0,-16.547212300046525,-8.472744214940192,-3.674173008231059,-1.2292281410156845,-0.6507221618263879,-0.3975772635502631,1
20110622,-0.16752969844654192,920955.0,-18.00091379835511,-10.076454462381957,-5.289064879683205,-2.8533353639963774,-2.2829728906488116,-2.104782211392027,1
20110623,-0.6860801951517043,1545716.0,-17.75484067693244,-9.7969202622351,-4.953194084464088,-2.46455252325052,-1.9942064339075967,-1.5032779387101756,1
20110624,-0.10631834750912422,1133375.0,-17.907047387606283,-9.967345078979344,-5.067739975698648,-2.562272174969641,-2.1066221142162824,-1.266707168894294,0
20110627,-0.1066585403016809,1108611.0,-17.48643912844733,-9.517598659149792,-4.562547615419755,-2.116410178272125,-1.4216059728782242,-0.3169282340393089,1
20110628,1.2373968835930373,1969406.0,-17.101283226397765,-9.121448212648959,-4.088298197372412,-1.7506874427131085,-0.8783990223037013,0.2688664833486128,1
20110629,0.5726872246696044,1205215.0,-20.128560939794376,-12.463582966226124,-7.528928046989693,-5.282672540381766,-4.256975036710721,-2.901615271659323,1
20110630,0.5577572288272562,868350.0,-19.975561426684237,-12.316307060032294,-7.270218699544981,-4.9889916336415485,-3.6870688389842954,-2.19873770732424,1
20110701,0.17469791818314825,856168.0,-20.44009317222299,-12.843354200029115,-7.711748434997802,-5.414179647692503,-3.7647401368467004,-2.1662541854709563,1
20110705,-0.014320492624953624,1023103.0,-21.548331662609158,-14.05699556064729,-8.88701131318917,-6.50365172561934,-4.436488615208361,-2.5605040813403934,1
20110706,-0.056915196357436325,1070228.0,-21.85863688104722,-14.40096755833808,-9.125213431986355,-6.593625498007989,-4.210301650540699,-1.812749003984065,0
20110707,0.6840530141085991,2445355.0,-21.54930882143363,-14.071255522302984,-8.658401026079533,-5.990451760011408,-3.4174148496508425,-1.0688328345446974,0
20110708,-0.5787874403125535,965195.0,-20.162783967587863,-12.579800318333081,-6.982202286210393,-4.206337722471417,-1.42671104037043,0.7321661119953701,1
20110711,-0.9591982820329099,636669.0,-20.823264137437324,-13.316964924838926,-7.736292054402276,-4.811739441660688,-1.8969219756621172,-0.002863278453843307,0
20110712,-0.01453277139951332,644736.0,-19.444484813253858,-11.827205348059866,-6.1505595116988685,-2.964685365499189,0.047958145618371244,1.2120331347187956,1
20110713,0.6114427136409982,763174.0,-19.12898529625853,-11.49483185325373,-5.792109477362062,-2.423205706798666,0.6929684087931273,0.9258989663706444,1
20110714,-0.04315304948216504,769612.0,-19.910169735327933,-12.35687571921746,-6.7402186421173775,-3.25877445339469,-0.30494821634060576,-0.46605293440736206,0
20110715,0.3034243606415373,663422.0,-19.367215720271584,-11.770119924866325,-6.132350816356007,-2.446178297933801,0.29764484901028365,0.0086692674469216,0
20110718,-0.0870195794053695,690003.0,-18.8728063814358,-11.233067440174024,-5.604350978970285,-1.7070340826686101,0.7135605511239886,0.1247280638143561,1
20110719,0.8647222629341773,608471.0,-17.826982265865425,-10.101568225120902,-4.431481752894644,-0.3268357027700618,1.541843763740279,1.011285358346744,1
20110720,0.07156147130384594,519218.0,-19.566337483898636,-12.001431229426073,-6.473450694146286,-2.274223558036351,-0.90024330900244,-1.0218978102189964,0
20110721,0.520381613183,745640.0,-18.575888985255812,-10.928302977739202,-5.370049147152381,-1.0450997398092123,-0.0549291702804231,-0.13298641225789673,1
20110722,0.1291804219893834,781693.0,-18.966341323381606,-11.358116836514972,-5.835797330271293,-1.448256064303144,-0.6774795464331971,-0.7033156308310534,0
20110725,-0.7237122179650988,1944405.0,-19.700227046970316,-12.151979565772645,-6.685114233006971,-2.2385412232155533,-1.7170427132113069,-1.3991769547324961,0
20110726,0.9372746935832815,2212855.0,-18.223648161499582,-10.535832732516186,-5.011103100216296,-0.39149242970438214,-0.05191059841382431,0.5162220620043318,0
20110727,-0.3208868144690765,2029992.0,-17.109830805134145,-9.33766044340719,-3.7535005834305606,0.9823512252042067,1.0808051341890517,1.2922987164527358,0
20110728,-0.07302468234262767,1080231.0,-16.830363662918035,-9.047612092887361,-3.479187965532346,1.1421060318387564,1.0603183876150333,1.218051701475103,0
20110729,-1.2818623839693597,943312.0,-15.934875497274195,-8.06969205834683,-2.487991748931793,2.017091498452924,1.756298806541929,1.5824370119345776,0
20110801,0.5653079440642598,1720070.0,-14.966602201725653,-7.022017256768785,-1.425468610532566,2.8942279083606004,2.4828919964296503,1.5977387682237614,0
20110802,-0.6600660066006567,1820616.0,-14.105535553555331,-6.101860186018574,-0.47374737473744627,3.5208520852085123,3.1083108310831125,1.6441644164416496,0
20110803,0.32397408207344647,2079028.0,-11.532551681579717,-3.306849737735217,2.4331996297439358,6.038259796359173,5.256093798210446,3.3755013884603557,0
20110804,-1.212488632919062,1982970.0,-12.947256744468019,-4.869354349802961,0.7559866626250206,3.8564716580781826,2.9205819945437894,0.8032737193088831,0
20110805,0.8827238335435093,2166170.0,-9.3309426229508,-0.9544451450189032,4.840163934426228,7.567780580075666,6.059268600252221,3.4426229508196684,0
20110808,-1.6773788995140309,2311754.0,-9.698385326853726,-1.3655745414641545,4.313215237498057,6.502586612321686,4.430161467314627,1.7996551183570921,0
20110809,1.1978040259524187,2180662.0,-4.061720179670577,4.776909000166388,10.574280485776102,12.299118283147587,9.286308434536696,5.852603560139745,0
20110810,-1.4975845410628015,2076403.0,-7.012157809983879,1.5397745571658772,6.969726247987121,8.169887278582936,4.743961352657013,1.5845410628019352,1
20110811,0.48116807698689085,2430780.0,-4.078397212543554,4.721586195453816,10.082960013273635,10.686908909905464,6.5637962502074165,2.7741828438692617,1
20110812,0.17203628401626436,1519660.0,-9.44831091648419,-1.147482014388454,3.7763528307788667,3.9216452924616942,-0.167344385361264,-2.9684078823897235,1
20110815,0.8720024914356934,977952.0,-9.706244160697572,-1.436624104640259,3.334163811896624,3.100280286515126,-1.0697601993148513,-3.257552164434754,1
20110816,-0.7066052227342454,787873.0,-10.783026113671234,-2.6089093701996484,1.987096774193589,1.4662058371735949,-2.6466973886328713,-3.032258064516124,0
20110817,0.27675276752766387,921826.0,-10.559424969249655,-2.3700799507994845,2.1399138991390183,1.1884993849938439,-2.523062730627314,-2.038745387453908,0
20110818,-1.886792452830179,1329839.0,-9.153750194916533,-0.8526430687665197,3.6008108529549645,2.230625292374878,-1.4283486667705951,0.5551224076095568,0
20110819,-0.9193548387096779,1240963.0,-5.928709677419324,2.6537096774193762,7.0832258064516305,5.124193548387085,1.7258064516128921,3.3838709677419336,1
20110822,1.7218973359324157,1154723.0,-5.151153346328751,3.4831059129305055,7.7651072124756695,5.151884340480823,2.0906432748537993,3.258609486679674,1
20110823,0.29121501375181963,1265432.0,-5.442565927843343,3.1569325351885094,7.284581782883053,4.116647791619478,1.9527584533247173,1.776411583886101,1
20110824,-0.3255309254379289,1514752.0,-9.297628274686064,-1.0292977832893817,2.823128197178761,-0.5549527205084326,-1.9407843745155937,-2.6476515268950633,0
20110825,0.5045100137593614,1045253.0,-10.437547775569438,-2.254853997859619,1.4227182388014257,-2.157162513377151,-2.5042042501146478,-3.595780461703088,0
20110826,-0.5929162115774732,1196793.0,-8.49719144952405,-0.1293493524730549,3.5156810734904362,-0.43688562958340016,-0.47277266344204144,-0.9580277734436017,1
20110829,0.7173382173382157,918614.0,-10.386675824175777,-2.191544566544529,1.3079975579975787,-2.739621489621471,-2.4465811965811777,-1.9108669108669036,1
20110830,-0.5110476476777445,775676.0,-11.630617766421123,-3.55418608146698,-0.14038779497969092,-4.225913121899909,-3.712610852247126,-1.9810611754095864,1
20110831,0.5181347150259195,1134499.0,-12.837823834196833,-4.867505551443328,-1.5547002220577195,-5.4700222057735015,-4.794966691339755,-2.5610658771280805,0
20110901,-0.02982403817476293,1018616.0,-12.079704742022008,-4.029973158365622,-0.7936176558305829,-4.69877721443485,-3.6623918878616206,-1.3569937369519782,0
20110902,-1.657458563535911,901165.0,-11.831865014185402,-3.7654173510527036,-0.619083171569349,-4.307152456323731,-2.7908018515753317,-0.36434224279528116,1
20110906,-2.652599849284086,1073593.0,-10.882441597588494,-2.736247174076844,0.3249434815372945,-3.220045214770177,-1.1605124340617876,0.8168801808591044,1
20110907,1.250941974378316,1006586.0,-10.763149962320977,-2.6257724189901777,0.34664657121326903,-2.7498116051243415,-0.47626224566690023,0.7626224566692004,1
20110908,-0.3552397868561413,1052730.0,-12.232904085257527,-4.228981645944328,-1.3883955002960366,-4.087477797513318,-1.807282415630556,-1.0390763765541715,0
20110909,-0.9918578830495954,901826.0,-12.089711324944448,-4.083049592894151,-1.3900814211695147,-3.534418948926725,-1.4759437453737971,-0.8793486306439797,0
20110912,-1.3490980748825232,881273.0,-9.85849628619065,-1.6639381537062352,0.9061694709716421,-1.0701834167045672,1.1687130513869954,1.1914506593906342,1
20110913,0.5026656511805,1443703.0,-9.29611576542267,-1.0664127951256974,1.305407463823261,-0.4790555978675152,1.6816450875856586,1.4714394516374838,1
20110914,0.4985647378758095,1569101.0,-9.907538903157556,-1.7537392355340822,0.3689379060280677,-1.2086417887898646,0.8007251850732757,0.5952560809790082,1
20110915,0.8896260554885457,1119972.0,-9.953558504221933,-1.823130277442712,0.052774427020480075,-1.3057901085645351,0.41767189384803266,0.024125452352239667,1
20110916,0.6156156156156319,1147214.0,-10.198198198198169,-2.118618618618621,-0.47507507507512015,-1.535285285285276,-0.07357357357354082,-0.681681681681672,1
20110919,-1.4583333333333393,3001149.0,-10.870014880952374,-2.87946428571431,-1.4205357142857553,-2.0275297619047574,-0.931547619047605,-1.2023809523809417,1
20110920,0.8648025367541201,2765915.0,-13.526520611127099,-5.821418276160295,-4.531565292591574,-4.5423753243009495,-3.6076679158258664,-3.2314788123378353,1
20110921,-0.055532417048460715,1561751.0,-16.551853394418952,-9.15021518811607,-7.954463418020316,-7.3448563098709,-6.365403304178805,-5.17006802721087,0
20110922,-1.2972202423378627,1491505.0,-14.174697077690634,-6.599429793300102,-5.446044191019294,-4.459729151817558,-3.4868139700641656,-1.5367070563079157,1
20110923,-0.17346053772767353,1198558.0,-12.83065915004333,-5.205984388551626,-4.1300954032958,-2.8476438276958844,-1.897947383636913,0.5897658282740488,1
20110926,0.8919722497522437,934304.0,-14.470055217329694,-7.038793713719392,-6.058048987682314,-4.379158997593076,-3.2521591391759834,-0.5040351125583953,1
20110927,1.3857782754759367,1256996.0,-15.281075027995476,-7.973964165733507,-7.053471444568911,-5.048992161254199,-3.5386338185890343,-1.0554311310190438,0
20110928,0.4718945176960492,1105485.0,-15.841360166550967,-8.616377515614179,-7.7343511450382,-5.4698126301179775,-3.5419847328244174,-1.8875780707841572,0
20110929,1.4447592067988815,1304596.0,-13.957223796033954,-6.629603399433441,-5.818696883852717,-3.3123229461756525,-0.9546742209631621,0.25495750708216264,0
20110930,-0.9887005649717555,1688402.0,-14.051271186440633,-6.78714689265539,-6.038983050847494,-3.321327683615821,-0.6412429378530983,0.42937853107344925,0
20111003,0.21949078138716926,2177200.0,-10.831723734269785,-3.349429323968437,-2.695639449809824,0.2589991220368635,3.102136376938821,3.3743049458589156,0
20111004,-1.4742014742014864,1473300.0,-6.318181818181791,1.4663697788697492,1.9514742014741706,5.122082309582304,7.5460687960687975,6.544840294840296,1
20111005,0.26021735802847346,1423453.0,-6.513929282106186,1.167304454308881,1.5006888106535876,4.706107454461985,6.174804836981488,4.145109444359382,1
20111006,0.10630220197419499,962878.0,-7.144267274107772,0.4121488230827421,0.6168564920273109,3.749430523917987,4.683371298405472,1.8800303720577065,1
20111007,0.4344569288389607,944971.0,-8.281348314606708,-0.8916853932584565,-0.7913108614232396,2.2906367041198448,2.9078651685393293,-0.7071161048689265,0
20111010,1.4690292291382687,890222.0,-7.167953960321029,0.23201575041645314,0.23474178403753887,3.410570952597297,3.3333333333333237,-0.3240951082841112,1
20111011,-0.3431811399582062,1177423.0,-8.424649358400425,-1.1915846016114706,-1.2518651148910753,1.985228290062648,1.147418680990736,-1.229483736198147,1
20111012,0.32621589561091174,1016272.0,-8.879744958481574,-1.73428232502966,-1.8437129300118538,1.442763938315517,-0.16607354685645725,-1.2188612099643958,1
20111013,0.3426187993445613,817651.0,-8.34343810516905,-1.206614032474307,-1.3216147772977698,1.971547743184859,-0.2219573960971052,-0.3813496201400272,1
20111014,1.0574239976501671,479571.0,-9.513731825525005,-2.50859156998091,-2.650903216331315,0.6432662652371895,-2.0267293288294836,-1.392274930239379,0
20111017,-0.7185804370142175,768646.0,-9.522950579263787,-2.5585863029769684,-2.6543481448892834,0.5682651415163764,-2.192403578237264,-0.9033582636750251,0
20111018,-0.3541389995573187,772271.0,-8.84351482957058,-1.8732477497417854,-1.9335989375830036,1.07274605282574,-1.1952191235059586,-0.06787664158183043,0
20111019,0.32496307237813715,855461.0,-8.629615952732623,-1.7152141802068064,-1.607976366322008,0.8574593796159747,-0.7429837518463812,0.11225997045789277,0
20111020,0.12021036814424989,1196569.0,-6.934184823440999,0.02148760330579377,0.22599549211120176,2.329827197595792,1.0773854244928607,1.667918858001502,1
20111021,1.3398115429917499,932656.0,-8.683598351001157,-1.943168433451099,-1.570376914016481,0.17299764428738604,-0.7891637220259358,-0.4328621908127163,1
20111024,0.028926815157645388,1143408.0,-10.169872722013276,-3.5927104425802643,-3.1567833381544808,-1.7023430720277795,-2.0899623951402853,-1.914955163436503,0
20111025,-0.6277643030389466,1041373.0,-11.262733628192304,-4.810957340562114,-4.3018975602796505,-3.1309744614067903,-2.979026965330301,-2.5823940647738652,1
20111026,1.0046592894583544,1073712.0,-9.329717530576561,-2.7810133954571667,-2.23296447291789,-1.387594641817127,-0.8066394874781625,-0.2970297029702876,1
20111027,1.4893617021276555,1563674.0,-11.544893617021247,-5.186241134751755,-4.601985815602835,-3.940425531914922,-2.889361702127668,-1.7503546099290705,0
20111028,0.1438641922025526,1426280.0,-10.15954538915261,-3.7531290461804083,-3.0884764782045937,-2.665084160552447,-1.301970939433197,0.10645950222987176,0
20111031,-1.168831168831172,1767976.0,-9.764430014429976,-3.390476190476184,-2.58412698412697,-2.300865800865796,-0.8427128427128268,0.4559884559884801,0
20111101,-2.0044543429844017,1523412.0,-7.037193763919782,-0.5455085374907254,0.40831477357088564,0.6933927245731025,1.9658500371195222,2.5508537490720173,1
20111102,0.9990917347865524,862258.0,-5.126248864668454,1.4400544959128116,2.497729336966381,2.714956100514675,3.7087496215561435,3.7602179836512177,0
20111103,0.9477959981946674,1469837.0,-5.605987663607614,0.8578306002707986,1.9244772077628838,2.1280276816609054,3.057018203700913,1.9076275011283297,0
20111104,-0.4854368932038947,1363509.0,-4.718901699029096,1.7141990291262066,2.790351941747569,2.9171723300970687,3.613470873786394,1.6686893203883408,0
20111107,0.3401360544217669,1681735.0,-2.8104514533085934,3.675324675324678,4.779220779220758,4.78586889301173,4.910327767470627,2.18923933209647,1
20111108,0.07640586797065581,1169443.0,-3.8558221271393496,2.4958740831295927,3.5599022004889966,3.448196821515918,2.981356968215171,0.41870415647921905,0
20111109,-1.5925480769230802,1179006.0,-5.383263221153838,0.8164062500000081,1.8182091346153637,1.6413762019230573,0.9299879807692304,-1.1207932692307618,0
20111110,0.6628641899182868,844204.0,-2.849853553260357,3.450285185756137,4.3881609372591255,4.115153383690457,2.691536919993826,0.9619238476953833,1
20111111,0.6730916322472047,1110989.0,-3.5114731528223775,2.654581612360424,3.538014379684864,3.110754168578864,1.2727550864310966,0.021416551935132006,0
20111114,-0.31973203410476236,760215.0,-3.8745432399512385,2.1714372716199883,3.010048721071869,2.4330085261875527,0.24360535931789978,-0.14616321559074852,1
20111115,-0.04577357339029773,520915.0,-3.5850625572169186,2.385108330790392,3.2053707659444717,2.481690570643892,0.18156850778152878,0.09765028989930906,0
20111116,-0.8510638297872375,874900.0,-3.8841185410333754,1.9831306990881945,2.780851063829818,1.9323708206686978,-0.2537993920972453,-0.5288753799392082,0
20111117,-0.10856079404467647,1949849.0,-1.8422766749379198,4.05567617866009,4.789392059553372,3.858560794044686,1.4795285359801387,1.3864764267989937,1
20111118,0.9135955404149944,1348231.0,-1.926138123257925,3.840043357076539,4.535150201300749,3.4391452462062837,1.1148962527098596,0.9848250232270206,0
20111121,-1.3671578307762289,870696.0,-3.709706820598452,1.833358651070969,2.545951693756692,1.2236062585447505,-0.6304116664134772,-0.8871335257481225,1
20111122,-0.4763368162261867,732718.0,-2.528657037492268,2.9514443761524713,3.710202827289523,2.005224339274771,0.45943454210206025,0.11370620774433357,0
20111123,-0.5497022446174981,866559.0,-3.060467246907861,2.2406474270881453,3.039548022598893,1.123072224767143,-0.3328752481294691,-0.607726370438229,0
20111125,0.015484670176533162,730986.0,-1.626354908640402,3.5930628677609713,4.437596779188615,2.0896562403220686,1.0266336327036183,0.8237844533911373,1
20111128,2.3464566929133777,937250.0,0.1022834645669677,5.249921259842576,6.116220472440979,3.3527559055117964,2.4503937007873975,2.1984251968503723,1
20111129,0.9423924608602984,1383442.0,-3.316157470740222,1.5359477124183551,2.379692962456327,-0.5114759081927575,-1.0989512083903745,-1.3710290317677474,0
20111130,3.134284016636978,5584806.0,-5.434269162210305,-0.8092691622102681,-0.008318478906673706,-2.7748068924539444,-3.0822935234699984,-2.9471182412358807,0
20111201,0.015530361857439223,3691971.0,-1.069498369311976,3.6356577108247192,4.304395092405685,1.5196459077496676,1.1088678366206133,1.1275042708495093,0
20111202,0.5733397037744854,1468699.0,1.5019907628603526,6.182513139034943,6.727822901735961,3.8135053352444896,3.4161490683230094,3.134257047300543,1
20111205,0.7636016544702577,1901729.0,1.443604836143841,5.9583200763602395,6.407890550429535,3.454502068087806,3.0273623926185267,2.815781100859068,0
20111206,0.09486166007905499,981217.0,0.8772332015810531,5.21075098814236,5.518418972332029,2.7035573122529546,1.9841897233201733,1.3786561264822133,0
20111207,-0.49687449911845216,1298273.0,2.3280974515146893,6.555858310626787,6.682801731046658,3.8748196826414554,2.9588075012021218,1.1957044398140764,0
20111208,-0.4197610590894382,1082019.0,3.1280271230223144,7.22844688408146,7.131417500807247,4.256538585728144,3.133677752663884,1.1398127219890266,0
20111209,1.1811023622047225,863956.0,4.833333333333352,8.806102362204808,8.537401574803171,5.611876640419969,4.197834645669299,2.1653543307086736,0
20111212,0.16254876462937956,854862.0,3.9266905071521476,7.69115734720422,7.247724317295194,4.337613784135243,2.9275032509752954,0.7997399219765886,0
20111213,0.39202874877491345,1087260.0,4.47884678209737,8.080855929434904,7.540672982685395,4.484645540672994,2.685396929108155,0.6305129042796633,0
20111214,-0.44576523031204085,1202394.0,5.641901931649339,9.077265973254157,8.544493973914484,5.1956414066369465,2.6729403995377243,1.1094601287766288,1
20111215,0.7835945315105135,797451.0,6.717072357452484,9.993997999333192,9.433811270423488,5.745248416138698,2.9476492164054577,1.4504834944981737,0
20111216,0.5748070290688149,1640979.0,5.153391361471509,8.224174741336883,7.635408112990651,3.87009361143042,1.097060272622773,-0.08868451305633444,0
20111219,0.282814839460991,1227159.0,6.545666278489418,9.489436033937823,8.811179504242233,4.846115454999139,1.9514223922808098,0.7386458160039853,1
20111220,0.9402283411685614,1184881.0,7.558848220282063,10.360980523841562,9.598723975822697,5.2879449294828555,2.273337810611147,1.1114842175957003,1
20111221,-0.2289826627412505,804100.0,4.816813869806989,7.409551848217243,6.57409224730126,2.2448478900883253,-0.5740922473012626,-1.3150147203140365,1
20111222,-0.2757054816736857,817801.0,3.9674829711320068,6.422640285436311,5.487836522867327,1.0720077846253557,-1.4579954589685271,-1.602335387609459,1
20111223,0.0,377845.0,3.392551990972085,5.742866354989556,4.6941802353699815,0.2635821376753055,-1.8732871191359117,-1.8216991778171894,0
20111227,-0.09668063164679708,455345.0,3.3840638092168627,5.628585240090278,4.4492426683854145,0.099097647437967,-1.8337093135675122,-1.2407347728005205,0
20111228,-0.30954708374064,776432.0,4.567448680351917,6.765232974910458,5.384490061909393,0.8488106875203546,-0.7201042684913654,0.44639947865753304,0
20111229,0.016600265604246364,665166.0,6.586902390438238,8.726759628154094,7.128818061088958,2.1696547144754352,1.1039176626826133,2.0484727755644117,1
20111230,0.11554968636513747,423987.0,6.044156487289543,8.124298448332857,6.292505777484314,1.2817761637504104,0.6355232750082386,1.1191812479366081,0
20120103,1.3253810470510223,897634.0,6.4782140490390825,8.489562624254528,6.474817760106021,1.449635520212061,0.9145129224652082,0.9343936381709742,0
20120104,-0.11545439551377253,1013925.0,6.056077849249542,8.012370113805083,5.760184727032793,0.8139534883720887,0.5508824014513967,0.013194788058709493,1
20120105,-0.14927848731132246,2027460.0,6.6990379830817774,8.560955382318852,6.06302869464255,1.1370044783546625,1.239011444684027,0.2156244816719233,1
20120106,-0.20937349009502748,2248895.0,3.662022870027368,5.3794491866645755,2.730552423900765,-1.8191335158640682,-1.5429215654695,-2.09373490095024,1
20120109,0.22148394241417588,1206156.0,1.8927384907451192,3.4823603860149053,0.7372251226071616,-3.4583135579813544,-3.0422401518747177,-2.996361335231776,1
20120110,0.3310736244679187,1028762.0,1.6030269588522723,3.0980608544853037,0.1649061958063861,-3.5984549897524927,-3.157811760996374,-2.364811603342256,0
20120111,-0.1238773614121993,1624088.0,-0.13719417776401296,1.2691235676680437,-1.7714462681945182,-5.078197584391473,-4.492102818209977,-2.880148652833683,0
20120112,-0.0799232736572958,1078571.0,3.1413842710997404,4.547953964194427,1.1847826086956168,-1.906170076726358,-1.2196291560102273,0.9814578005115044,0
20120113,-0.4032258064516129,716757.0,4.124032258064491,5.499354838709696,1.9261290322580333,-0.9048387096774193,-0.043548387096775845,1.8645161290322447,0
20120117,0.9810228369250554,9085214.0,3.8715020907044053,5.1999035059505,1.5062721132196482,-1.014795754261821,-0.07558700546799138,1.2383403023480268,0
20120118,-0.2069322296947828,5582328.0,11.393429901707181,12.688566994309388,8.54802552164164,5.8872219348163375,6.735644076564911,6.677013278151405,1
20120119,0.1725923369002441,3148230.0,11.501984811874346,12.656886434242365,8.366240938902301,5.791335864687619,6.363479461511905,4.477045219192282,0
20120120,-0.18254231662794462,4733963.0,7.237139064055735,8.256057085960867,4.047461002323242,1.7764686359110684,2.263524726186532,-0.3086624626617988,0
20120123,-0.4653567735263756,3669888.0,11.379007238883117,12.306273698724596,7.808686659772467,5.436918304033089,5.510168907273346,2.1682178559117466,0
20120124,-3.303040894792032,8640731.0,12.925900034952804,13.71373645578473,8.989514155889534,6.523068857042995,5.938483047885349,1.8629849702901127,1
20120125,2.6959471522942424,4278268.0,15.348687734333147,15.964292090698118,11.027673629708982,8.286913051240877,6.9023388680593,3.35654347437958,1
20120126,0.4341785342132685,5555648.0,12.204150746787064,12.637721431052466,7.7297672803056505,4.945293504689122,2.7717957624175127,0.41333796457104316,1
20120127,0.0,2607937.0,10.332137978142052,10.609118852459012,5.683743169398886,2.9482581967212895,0.36885245901638314,-1.8476775956284286,1
20120130,-1.2376651613982306,1909633.0,8.07961197524668,8.223950493393541,3.3172771366449174,0.7927747114901983,-2.0655628031443616,-3.2747951162401834,0
20120131,0.5514705882352912,1825121.0,7.996156417112288,8.024732620320867,3.031751336898395,0.6467245989304939,-2.5384358288770024,-2.479946524064186,0
20120201,0.5629477993858844,1971222.0,10.248635278062086,10.120436711020131,4.97611736608665,2.592971682019794,-0.402592971682027,0.440122824974416,0
20120202,0.03390405153415159,1057487.0,9.560010171215442,9.284624512629254,4.128157314799098,1.8104763519240392,-0.8492964909306863,0.2881844380403246,0
20120203,-0.06781959986435937,2153353.0,9.587487283825023,9.184638860630718,3.9135300101729267,1.7166836215666257,-1.049508307900971,0.44760935910479827,0
20120206,-0.2240606687349234,1877275.0,11.401844191658048,10.859703550499832,5.3895208548776194,3.0489486384005606,0.5877283695277631,1.4994829369183118,0
20120207,-0.24246622791825523,1569770.0,11.937564946311047,11.250952545895414,5.63214409421544,3.0749913404918736,1.1655697956356232,1.2642881884309038,1
20120208,0.0,1316518.0,12.01126516464473,11.178682842287706,5.466897746967063,2.649913344887342,1.528596187175052,1.0155979202772938,1
20120209,0.2419215482979101,1147925.0,11.67426991532749,10.701226887852105,4.9625021600138375,1.7686193191636401,1.2804561949196347,0.3317781233799899,0
20120210,-0.7039835164835229,1194953.0,10.953125000000002,9.844093406593425,4.0364010989010985,0.7512019230769109,0.5820741758241612,-0.5597527472527482,0
20120213,0.9311950336264857,1510570.0,11.3988618727367,10.121227797896218,4.163131574409358,0.839799965511286,0.7052940162096895,-0.14140369029143082,1
20120214,2.288488210818308,3351691.0,11.958131067961189,10.464285714285767,4.490291262135928,0.9916782246879505,0.872052704576989,0.3744798890429977,1
20120215,1.4519359145527326,1740988.0,7.755340453938618,6.164052069425948,0.4883177570093461,-2.6226635514018457,-2.681909212283043,-2.636849132176244,0
20120216,0.3182579564489074,1478427.0,8.121608040201037,6.396482412060337,0.7527638190954606,-2.1164154103852604,-2.204355108877726,-1.6649916247906194,1
20120217,0.3318400530944014,1103904.0,7.0794756927161515,5.218350754936166,-0.29898788783807256,-3.0413140866102393,-2.9152148664343867,-1.9213539074166273,0
20120221,0.14952649941851373,1261718.0,7.19887024422666,5.171290912111695,-0.23957468017942832,-2.7321814254859507,-2.4256521016780095,-1.0599767403222977,0
20120222,-0.6107906345436027,1220794.0,9.444689514760817,7.179334916864663,1.7743467933491686,-0.5234136409908299,-0.1526976586358826,1.4658975229046682,0
20120223,-0.10282776349614786,954532.0,10.512853470437044,8.0531276778064,2.7139674378748877,0.6829477292202202,0.9682947729220184,1.953727506426724,0
20120224,0.36002057260415027,1033738.0,10.50831476084349,7.876392936739286,2.639807989027944,0.7817589576547284,1.0817761014915142,1.5189439396536872,0
20120227,-1.134995700773855,1279191.0,10.811177987962198,8.035081685296689,2.8519346517626833,1.0584694754944064,1.3791917454858118,1.1040412725709303,1
20120228,0.0517330574236957,1073788.0,11.076047594412845,8.210208656664978,3.0467321952060513,1.182100362131373,1.6589067080530813,0.6242455595792288,1
20120229,-0.034106412005462355,1031125.0,9.802864938608465,6.896657571623495,1.8587994542973896,-0.04178035470669048,0.6957708049113254,-0.5934515688949384,1
20120301,0.22290809327846803,1822201.0,10.365483539094674,7.35408093278467,2.329561042523998,0.48096707818931866,0.9739368998628465,-0.05829903978051941,1
20120302,-0.0834724540901455,1402023.0,7.4250417362270715,4.40801335559269,-0.3766277128547817,-2.0934891485809763,-1.6560934891485886,-2.170283806343902,0
20120305,-0.08378016085790409,872768.0,7.791638739946405,4.68649463806973,-0.005361930294929387,-1.6739276139410226,-1.3924262734584383,-1.2969168900804187,0
20120306,-0.9427609427609347,1177419.0,8.26776094276096,5.051683501683517,0.40740740740739095,-1.0942760942760918,-1.060606060606053,-0.3569023569023505,0
20120307,0.0,803383.0,10.68999655647382,7.278064738292048,2.5661157024793284,1.1828512396694173,1.0399449035812782,1.714876033057855,1
20120308,0.5326460481099573,888325.0,10.42766323024055,6.903436426116865,2.223024054982789,1.017182130584178,0.8058419243986275,1.4639175257731902,1
20120309,0.06842285323297836,1250411.0,9.907115976736202,6.263256927813895,1.6452275059869694,0.6183715360930542,0.37974683544302806,0.5200136845706379,1
20120312,0.10063737001006756,890204.0,7.750000000000003,4.051995974505231,-0.3914793693391652,-1.2235826903723372,-1.3267359946326802,-1.4558872861455923,1
20120313,0.60311609984922,901940.0,7.6021946724744565,3.7946054615513853,-0.5267213938683301,-1.1970179259507234,-1.1576478472105804,-1.4742837996314215,0
20120314,-0.9479461167470485,700384.0,6.783718609679008,2.909196740395829,-1.2695825710959658,-1.7162813903209533,-1.6331282221852639,-1.513387660069843,0
20120315,0.9628378378378383,903753.0,8.420692567567546,4.4016891891891925,0.2422297297297173,-0.2331081081081169,0.06081081081078911,0.3716216216216197,0
20120316,-0.1019541206457133,1168794.0,9.018946474086617,4.868479184367056,0.7779099405267611,0.28802039082414005,0.47748513169072504,1.1011045029736675,0
20120319,-0.11908812521265785,1104330.0,9.108115005103738,4.817114664852,0.8465464443688182,0.28070772371556013,0.4440285811500437,0.9356924123851602,0
20120320,-0.3403675970047579,891474.0,9.10159972770589,4.659972770592239,0.7675289312457221,0.19315861130019543,0.36929884275016805,0.6535057862491376,1
20120321,0.0,9981056.0,9.525294821398042,4.933344727397035,1.0374294992308997,0.5845154674414609,0.871645872500436,0.529823961715962,1
20120322,-0.1885310290651963,7665668.0,0.6847604084838884,-3.6480754124116084,-7.114846818538892,-7.121759622937944,-6.417910447761195,-6.190102120974073,1
20120323,-0.4983388704318911,2393041.0,-3.204243430987631,-7.437179099969788,-10.670190274841453,-10.130625188764704,-8.877982482633653,-7.604953186348548,0
20120326,0.3523824115213789,1759940.0,-1.7885705530871776,-6.15167764669832,-9.286961850773697,-8.277156427148729,-6.6860732342576625,-4.271487666615581,1
20120327,0.13657056145673627,2042842.0,-2.7140364188163892,-7.070864946889238,-10.035811836115343,-8.553869499241264,-6.635811836115322,-3.0197268588770894,0
20120328,0.0,1338936.0,-3.7684573829531893,-8.094087635054047,-10.900960384153676,-8.969087635054006,-6.695678271308528,-1.6566626650660463,1
20120329,-0.18195602729341098,1646304.0,-2.743669446550414,-7.14040940106143,-9.72736921910538,-7.438210765731598,-4.695981804397284,0.0697498104624814,1
20120330,0.2235136343317027,1219009.0,-4.408582923558344,-8.727760393384015,-11.0144538816868,-8.500968559082091,-5.112501862613626,-1.3947250782297613,0
20120402,-0.31324582338903334,1017963.0,-4.2857995226730266,-8.597255369928428,-10.719272076372345,-7.856503579952272,-3.7813245823389177,-0.763723150358017,1
20120403,-0.1487431206306835,926274.0,-4.531012940651493,-8.828945411274756,-10.697605235757889,-7.5345827755466415,-2.793395805443998,-0.6485200059497352,0
20120404,-0.2686166243844304,1024868.0,-4.191762423518869,-8.5229070288017,-10.112222056409527,-6.564691837039249,-1.2057901805700746,-0.2119086703477032,1
20120405,-0.29775197260682273,1191756.0,-4.399285395265741,-8.70656543099601,-9.994044960547896,-6.11954741700164,-0.9170760756290005,-0.08634807205596653,0
20120409,-0.9767648364658823,1024637.0,-4.951087760840609,-9.21444428000594,-10.23116767796362,-6.001183957377524,-1.303833062009768,-0.5416605002219705,0
20120410,0.24038461538461023,1954645.0,-3.50150240384616,-7.82361778846158,-8.628605769230814,-4.053485576923067,0.387620192307707,0.8233173076923104,1
20120411,0.5460336720764438,2532456.0,-2.5787198543910326,-6.9369027756712125,-7.569240103139727,-2.6634309115728803,1.3514333383891872,1.392385863794922,1
20120412,-0.4180352343983295,1105680.0,-4.095849507315608,-8.37817258883254,-8.805016422812828,-3.6779635712153036,-0.1866228724992535,-0.20603165123916242,1
20120413,-0.08948545861297878,1329864.0,-4.184116331096186,-8.435495898583177,-8.648769574944103,-3.193139448173013,-0.1267710663683725,-0.3460104399701705,0
20120416,0.5501858736059547,1284629.0,-4.4753903345724835,-8.668104089219357,-8.674795539033484,-2.8565055762081673,-0.40297397769514737,-0.7375464684014797,0
20120417,0.11972463334332911,1411963.0,-3.870472912301674,-8.065549236755487,-7.852439389404403,-1.6297515713857895,0.20502843460044098,-0.020951810835051755,1
20120418,-0.4293116210214538,880436.0,-4.917764618800869,-9.02250185048114,-8.566099185788339,-2.0421909696520992,-0.8304959289415141,-0.6217616580310695,1
20120419,0.25114492539518646,1159278.0,-5.130226030432816,-9.178165164721532,-8.461220268872829,-1.5667011375387447,-0.9351455163244137,-0.617521051854029,1
20120420,0.8073987081620626,2266119.0,-5.744935408103323,-9.699500880798603,-8.733118027011184,-1.8599530240751554,-1.421021726365243,-0.930710510863183,1
20120423,-0.5039596832253542,2382254.0,-7.555147588192926,-11.343124550036007,-10.147444204463667,-3.5068394528437787,-3.038156947444224,-2.194384449244062,0
20120424,-0.17286084701815693,3933197.0,-7.512964563526349,-11.252520887352372,-9.78651685393261,-3.1662345145491115,-2.5842696629213435,-1.4030538749639927,1
20120425,0.7143898527482065,2157745.0,-6.402974194488998,-10.160081644554623,-8.38577052048406,-1.798367108908034,-1.0176410555474669,0.09330806239975645,1
20120426,8.773693279724295,8027584.0,-7.808228029867878,-11.439259046525,-9.423607122343496,-3.063612866168886,-2.1280873061459125,-0.8558299827685087,1
20120427,0.4429530201342259,4097023.0,-13.783355704697975,-17.059328859060415,-14.940939597315456,-8.813422818791949,-7.51275167785236,-5.610738255033566,1
20120430,0.511743865634432,3231866.0,-15.673992914315688,-18.745177798189204,-16.416218344049344,-10.262432751607417,-8.412281852775246,-5.954599133971916,0
20120501,0.7307028032416596,2522846.0,-14.58064301846684,-17.570745316859306,-14.973827554138438,-8.595057791948978,-6.145874850538051,-3.2257207386740845,0
20120502,-0.46885465505694374,2132792.0,-13.833020763563301,-16.721902210314813,-13.880241125251183,-7.338914936369739,-4.415271265907577,-0.798392498325524,0
20120503,0.18756698821007578,1854352.0,-13.778536977491946,-16.540594855305457,-13.448017148981775,-6.815380493033231,-3.47132904608788,0.5546623794212238,0
20120504,-0.5253940455341513,2032517.0,-13.272935470833882,-15.900848713458156,-12.5420988818537,-5.8251380843324965,-2.1150478243297957,1.0373164488751125,1
20120507,-0.3934337267670493,1976655.0,-12.630375797042461,-15.142178808845472,-11.507800841134173,-4.7442680776014114,-0.8465608465608402,1.0717677384344138,1
20120508,-0.602087235750587,2780969.0,-13.800508429221296,-16.130719828739622,-12.283382392293282,-5.509767192935503,-1.5012041744714821,-0.4629381857104488,0
20120509,-1.1242042530136778,3067631.0,-12.715291886766892,-14.917377759718264,-10.773127454964108,-3.810104293647572,0.42259244209670543,0.541785182175256,0
20120510,0.20678246484696922,1858737.0,-11.14109456851394,-13.231182795698917,-8.803143093465678,-1.7162944582299677,2.6082161566032473,1.7507582023711,0
20120511,-0.15105740181268806,1589439.0,-11.4535155177149,-13.400988739357302,-8.75556165888492,-1.6980225212853508,1.9829717110683918,0.9722603680307587,0
20120514,-0.6734469488730196,2300640.0,-11.35101704233095,-13.155717427157775,-8.32682792743267,-1.2383177570093602,1.5929081913138976,0.7943925233644705,0
20120515,-0.19498607242339913,1572955.0,-10.138370473537597,-11.824094707520882,-6.763509749303623,0.42896935933148594,2.467966573816164,1.3231197771587784,1
20120516,0.3499930001399972,1894752.0,-9.643427131457372,-11.223295534089322,-5.943721125577482,1.2207755844883297,2.54794904101917,1.1759764804703952,0
20120517,-0.23591451568137897,2067049.0,-10.39592006661115,-11.855120732722721,-6.3780183180682615,0.6390507910075081,1.2933666389120206,0.15820149875104678,0
20120518,0.07045230379032993,3323159.0,-8.97639847823021,-10.375369874594877,-4.580245174017179,2.385515006340724,2.3897421445681446,1.1751444272227747,0
20120521,0.27181688125893805,2310317.0,-7.555007153075788,-8.891273247496418,-2.7922746781115757,3.9849785407725506,3.412017167381961,1.9055793991416219,1
20120522,0.6672345258375907,2478883.0,-8.21401192504257,-9.461101646791587,-3.230266893810322,3.2602214650766737,2.008801817149356,0.7382169222033081,0
20120523,-0.43668122270740684,1414510.0,-8.874418932243952,-10.011128327933488,-3.661642484856986,2.6292435554303655,0.8184251303000467,-0.1662205944499155,1
20120524,1.5153660954539123,2461431.0,-8.309658688571012,-9.384789689845615,-2.8463390454609607,3.250247840249259,1.087664636737007,-0.039654439881044896,1
20120525,0.16497113005224712,1346201.0,-10.921432499312598,-11.868023095958193,-5.318944184767627,0.10585647511687159,-1.8834204014297564,-2.480065988452024,1
20120529,0.46793283787503914,2075797.0,-10.738095238095223,-11.605422515827128,-4.834571979080609,-0.02821359757773768,-1.7891549683456964,-1.6129920176162909,0
20120530,-0.6919006919006796,1767485.0,-11.943359110025757,-12.682539682539657,-5.78510378510375,-1.5581332247998703,-2.9290462623795657,-2.127255460588772,0
20120531,0.20683949255378611,1859865.0,-10.441188637617191,-11.105901820187517,-3.8596249310534727,-0.08963044677328119,-1.1858797573083084,-0.09928295642579774,0
20120601,-1.0095344924284897,2105136.0,-8.890703869882206,-9.49649467190126,-1.8827818283791122,1.358665171060023,0.3729669097027557,1.7807066741446946,0
20120604,-0.0716332378223455,1451902.0,-6.872564469914039,-7.434383954154727,0.4300859598853923,3.2485673352435502,2.391117478510024,3.154727793696273,0
20120605,-0.4633651896901352,1609612.0,-5.838980596582675,-6.377642629597445,1.5884737909064701,4.0182450043440365,3.3666377063422943,3.2174920359107935,1
20120606,0.5046136101499341,1590923.0,-6.193194925028825,-6.6845444059977055,1.2670126874279508,3.1805074971164986,2.7638408304498294,1.5167243367935508,0
20120607,0.5284959291529643,1605681.0,-7.003785173546641,-7.436509070132856,0.4442222539637295,1.949721468361655,1.6697614626481887,-0.14283673760892518,1
20120608,-0.04339649934905416,1276590.0,-5.767033125994463,-6.157673947634909,1.7948792130768225,3.0008679299869616,2.749891508751622,0.49472009257921734,1
20120611,0.40954667419854823,1448247.0,-7.958268606129057,-8.203078661206062,-0.48298262957207244,0.41519559384269333,0.03954243750881456,-1.6042931789295236,0
20120612,0.41499713795078175,1318710.0,-6.701345163136792,-6.810532341156278,0.9207212364052861,1.5455065827132406,0.9730967372638908,-0.060103033772183165,0
20120613,-0.24513338139868424,1956372.0,-5.950396539293414,-5.96726748377794,1.7586157173756716,2.144917087238661,1.1160778658976223,0.7007930785868638,0
20120614,0.39787798408487474,1186560.0,-3.868110816386674,-3.757589154140911,4.011494252873585,4.124668435013272,2.6495726495726313,2.2782198644267497,1
20120615,0.4262825224165693,1474259.0,-4.097310010289585,-3.839188593267701,3.7815669557548053,3.5682787005732686,1.9094517124797772,1.6992503307364484,1
20120618,-0.3188405797101433,708530.0,-5.434999999999986,-5.002753623188419,2.375652173913047,1.9695652173913174,0.3608695652173844,-0.2550724637681187,1
20120619,1.7614784868611015,1747040.0,-5.774112041582443,-5.190730580421623,2.0401386081432236,1.5405717585908072,0.012994513427643848,-0.8085475021657554,0
20120620,0.0,1009813.0,-7.314851625727667,-6.597188697998052,0.4549197785034676,-0.14695442283119553,-1.4965213687349168,-2.149652136873485,0
20120621,0.5859654137487446,1169101.0,-6.679648420751729,-5.83764470487353,1.230813205659584,0.43661569243960985,-0.854651993711569,-0.9032442475346446,1
20120622,1.1514104778353442,1364910.0,-5.998992515831908,-5.034830166954555,2.0166954519285962,1.0636154289003887,-0.10506620610248633,0.21301093839953383,1
20120625,2.027883396704686,3510294.0,-8.00007041261795,-6.906492043374202,-0.06984931699762328,-1.2357414448669368,-2.2292634840163537,-1.3800873116462524,0
20120626,-0.1392757660167052,1859675.0,-8.982729805013934,-7.752367688022297,-1.042618384401089,-2.3823119777158723,-3.0376044568245093,-1.75766016713092,0
20120627,-0.6604834176503639,1453788.0,-8.12767003934794,-6.751545812254098,-0.030635188308016755,-1.6835300730747718,-1.9111860595840553,-0.6689151208544113,1
20120628,-0.36450301415954733,1132592.0,-8.306813402495433,-6.787186317117648,-0.16290480863590648,-2.001261741202873,-1.6584887144258975,-0.5243235665217935,1
20120629,0.9699321047526712,1416320.0,-9.332617431065556,-7.672162948593626,-1.2007759456838094,-3.08299847582099,-2.2294582236386433,-0.9366772897325786,1
20120702,0.811688311688304,1623863.0,-11.4276920995671,-9.638528138528168,-3.382846320346328,-5.098755411255419,-3.878517316017322,-2.4945887445887367,1
20120703,-0.12030477208929743,781826.0,-12.42654725304104,-10.487100654992682,-4.3889854297553805,-5.843470124314928,-4.280176446999081,-2.8498863788263664,1
20120705,0.21259633271325612,1254208.0,-12.896625033218198,-10.796173266011188,-4.805474355567392,-6.014483125166108,-4.210736114802016,-2.3412171140047837,0
20120706,-0.38375016540954354,1132811.0,-13.212981341802305,-10.929469366150608,-5.011247849675806,-6.03215561730845,-3.8626439063120253,-1.6196903533147937,1
20120709,0.7064782724606787,881119.0,-12.556784857371376,-10.04532124766731,-4.171420954412162,-4.950679818715008,-2.4193548387096744,-0.13862969874699974,0
20120710,0.0,999545.0,-13.065836534640349,-10.39912571201488,-4.741820108623677,-5.232481123327597,-2.4334348920386852,-0.34441647900384836,0
20120711,0.02671296914651532,762281.0,-12.307933751836538,-9.454521170028098,-3.988780552958503,-4.114465072792861,-1.2154400961667033,0.4968612261252647,1
20120712,0.10699478400427753,1443215.0,-12.162966430386541,-9.139494449645625,-3.8737461548749685,-3.623779590744959,-0.6005082252240178,0.5002006152200016,1
20120713,-0.14627659574468008,1851136.0,-12.640226063829822,-9.459441489361742,-4.408776595744696,-3.6868351063829894,-0.654255319148942,-0.17287234042554475,1
20120716,0.23440552155227584,1533871.0,-14.41821851803623,-11.101705951295786,-6.332074488865748,-5.110691496288591,-2.1096496939705935,-1.7788774580023436,1
20120717,-0.1557632398753953,1250213.0,-14.65414070612671,-11.147585669781963,-6.563084112149556,-4.896806853582564,-2.0223260643821477,-1.6952232606438178,1
20120718,-0.543830117829861,1648791.0,-14.822478311536988,-11.121455392982023,-6.701799818723305,-4.6147869998705255,-1.9500194225042085,-1.3259096206137706,1
20120719,0.4002582311168525,1328967.0,-15.00561652679149,-11.124725629438368,-6.896836668818591,-4.432537120723056,-1.945771465461576,-0.9141381536475124,0
20120720,-0.7923106896999604,1670620.0,-14.420703987530858,-10.34692817248993,-6.258475126639801,-3.405637095726699,-1.175477334718778,0.14287569814263365,0
20120723,-0.3296413502109704,941351.0,-13.053731540084412,-8.760680379746846,-4.749999999999985,-1.5216244725738348,0.431170886075947,1.4108649789029446,0
20120724,0.11909487892021095,744452.0,-12.678774646023555,-8.206431123461691,-4.336906179700921,-0.8680693396850493,0.8005822416302819,1.3841471483392966,1
20120725,0.46910601796005136,2182721.0,-11.502546575526083,-6.828173167135768,-3.056426752446034,0.5957646428092817,2.062726176115804,1.9863289103337345,1
20120726,3.7640010419380054,2189142.0,-13.933706694451683,-9.238734045324328,-5.666579838499618,-1.8813493097160783,-0.5600416775201965,-1.0705912998176643,0
20120727,0.7447354904982002,1464523.0,-15.07960965588086,-10.283384694401631,-6.833333333333311,-2.846687211093989,-1.6204417051874687,-2.2393425783256293,1
20120730,-0.9908440988335712,1237252.0,-16.972971278063483,-12.093565784522767,-8.802709143358818,-4.6268656716418,-3.534428696851872,-3.5319202307788817,0
20120731,0.13978904562206051,1040918.0,-15.802198500444794,-10.671368661837574,-7.401194560935295,-3.063286313381623,-2.0498157326216617,-1.463972550514661,0
20120801,0.6036475725661429,1588774.0,-14.841895710249158,-9.469946057025432,-6.209606986899547,-1.8340611353711753,-0.9247367069098185,0.42126894425894834,0
20120802,-0.5198427792570188,1084717.0,-15.864714086471428,-10.385190820337275,-7.196906301508804,-2.8623050589577876,-2.013439837707612,-0.334728033472798,1
20120803,1.7366875239433015,1050368.0,-15.195760439279802,-9.506576427020825,-6.3463159238921945,-1.9927212361128905,-1.1441706040097062,0.4878048780487868,0
20120806,0.4538577912254333,638725.0,-16.202344931921324,-10.416918809883992,-7.319213313161839,-2.9696167423096043,-1.9641956631366346,-0.8951084215834517,0
20120807,0.31545741324921134,763636.0,-16.048201892744494,-10.084794952681383,-7.073059936908503,-2.646687697160897,-1.4132492113564725,-0.6662460567823237,0
20120808,-0.38954511183714785,578476.0,-16.323071123397828,-10.197160090474984,-7.2844935913545905,-2.754460919829094,-1.197537069615485,-0.6458909273686803,0
20120809,-0.08869741510391205,736507.0,-15.561327927014688,-9.190952863659405,-6.377090724784567,-1.678281804358863,-0.10010136847441425,0.19766852508868693,1
20120810,-0.2272727272727359,612085.0,-15.802335858585842,-9.253914141414137,-6.539393939393914,-1.773358585858602,-0.2866161616161665,0.06818181818180283,1
20120813,0.26296018031554436,712381.0,-16.428186826947144,-9.73653894315051,-7.0979213623841435,-2.392937640871527,-1.0944152266466078,-0.6235912847483154,0
20120814,0.40050062578221923,959867.0,-16.411201501877343,-9.578347934918641,-6.891614518147665,-2.2628285356696134,-0.9924906132665912,-0.5106382978723597,0
20120815,-0.16227686930470037,848265.0,-16.564161777555857,-9.641992260641613,-6.859817750592903,-2.339283485207851,-0.9711646486081887,-0.6391212083385351,0
20120816,0.06265664160400647,774463.0,-16.17424812030075,-9.108897243107773,-6.236340852130296,-1.8126566416040106,-0.4699248120300752,-0.032581453634080514,0
20120817,0.0,745921.0,-15.876177911797953,-8.697072496544788,-5.748209574067079,-1.390250031411013,-0.04648825229300935,0.32918708380449857,0
20120820,-0.0876314471707476,919804.0,-16.09508012018026,-8.86279419128693,-5.821231847771647,-1.4953680520781234,-0.33925888833248197,-0.03004506760140324,0
20120821,-0.11430022860044349,886817.0,-14.802387604775195,-7.380873761747527,-4.256286512573023,0.13208026416050928,1.0388620777241708,1.1226822453644913,1
20120822,-0.395408163265309,720964.0,-14.35331632653061,-6.835204081632655,-3.6237244897959284,0.8080357142856934,1.3265306122449059,1.1250000000000064,1
20120823,0.037969877230731724,436922.0,-14.923870396152378,-7.402986963675493,-4.123275534742459,0.17086444753825678,0.5556258701430109,0.14428553347676257,1
20120824,3.1412946712450704,2933783.0,-14.428843952689792,-6.810504896349985,-3.3859849930052213,0.70265801856797,0.9690957649752009,0.3840773241765134,1
20120827,0.4443910641364284,1434195.0,-19.087076627432147,-11.797501801585422,-8.392745616142246,-4.685323084314226,-4.237328849387468,-4.386259908719691,0
20120828,-0.2538991657598764,1096604.0,-18.441180026598932,-11.023092733647681,-7.4520614194172445,-3.8084874863982834,-3.260790714544781,-2.7904727360657633,0
20120829,-0.19305019305018895,1132479.0,-18.502835424710405,-11.02087355212354,-7.313223938223954,-3.7029440154440185,-3.125000000000004,-1.9087837837837935,0
20120830,-0.21924482338610551,775477.0,-17.628562728379993,-9.986236297198525,-6.148355663824598,-2.5913520097442118,-1.9244823386114303,-0.22411693057246954,0
20120831,0.5518087063151476,726246.0,-16.97486204782343,-9.18761496014714,-5.231391784181481,-1.735744941753536,-1.0226854690374043,1.1649294911097348,1
20120904,0.23344391202850193,918068.0,-16.715874186017928,-8.832043248556335,-4.752426588032939,-1.4154072981938826,-0.6425850841626862,0.9042879960683007,1
20120905,0.036114120621164245,863964.0,-18.288311062958932,-10.482966173107009,-6.388347177079566,-3.179246418683028,-2.1307331166486048,-1.0497171060551171,0
20120906,0.45744552786807474,831963.0,-18.177019381244712,-10.2925243770314,-6.117009750812571,-2.969182617069937,-1.568556638979171,-1.003972553268332,0
20120907,0.6151248341575264,904395.0,-17.91611385840065,-9.925340730913025,-5.652394162344719,-2.541309854058634,-0.9082137257266747,-0.6175370884091189,1
20120910,0.17957620016761125,530335.0,-18.414940739853915,-10.402609840775757,-6.060577038189868,-3.0055070034718154,-1.057105231653293,-0.8811205554890509,0
20120911,-0.9093084469968954,842004.0,-18.355527638190935,-10.266092366594858,-5.843742522134473,-2.8409906676238306,-1.0780090930844655,-0.4163675520459428,0
20120912,0.06033546518643316,850204.0,-17.54567394714611,-9.3192952817666,-4.821045010257025,-1.8293713044527808,-0.21117412815254175,0.3885603958006377,0
20120913,0.21951219512195952,1178142.0,-16.558048780487773,-8.204146341463384,-3.63585365853656,-0.672560975609744,0.7402439024390236,1.1926829268292616,0
20120914,0.26560424966799334,1023201.0,-17.291319570204017,-8.962091029820094,-4.418688880840289,-1.484969214052884,-0.18109380659183857,0.1593625498007857,0
20120917,-0.13458950201884184,730943.0,-16.089991435213495,-7.576043068640632,-2.9815245319956185,-0.028141441331225182,1.184387617765801,1.0669276887311878,1
20120918,0.13515173854281784,724674.0,-15.63502887332595,-7.045582995453979,-2.4197075807839066,0.48224597616412834,1.607077036490943,0.9509767784740152,1
20120919,0.08446965126100299,727661.0,-17.02057439362856,-8.604682032098456,-3.984312779051544,-1.063110896585013,-0.23168818631592528,-0.8519367684324883,1
20120920,-0.4296455424274966,569166.0,-17.80677885189163,-9.517722878625124,-4.825635517364847,-1.8277837450769878,-1.241198233679444,-1.5133070772168524,1
20120921,0.5228758169934613,674499.0,-18.034224598930475,-9.79928698752228,-5.009863339275106,-1.942364824717769,-1.5163398692810581,-1.6209150326797435,0
20120924,-0.17857142857143532,788748.0,-17.75922619047617,-9.52690476190473,-4.630714285714261,-1.4476190476190405,-1.2845238095238016,-0.9047619047619108,0
20120925,0.3597122302158239,612335.0,-17.038908872901654,-8.770983213429236,-3.786091127098289,-0.7302158273381231,-0.5959232613908871,0.29016786570743935,0
20120926,-0.21624219125419586,451927.0,-16.745615088899545,-8.487385872176814,-3.4521864488226597,-0.5075684766938965,-0.3604036520903207,0.5718404613166737,1
20120927,0.14485755673586473,721957.0,-16.21493239980684,-7.935296957991291,-2.8505552873007907,-0.02957508450024541,0.2221149203283408,0.8281023660067512,1
20120928,-0.28660138524002254,1598321.0,-16.9809529496059,-8.817291616909449,-3.7444470981609363,-1.006090279436352,-0.7463577740625746,-0.3534750417960262,1
20121001,0.2582765907490008,917318.0,-18.239962432495872,-10.225522423103994,-5.179384832120181,-2.466541441653002,-2.0192533458558497,-1.7609767551068491,0
20121002,0.12922932330827,560145.0,-18.034656954887204,-10.014450187969903,-4.894501879699202,-2.1786889097744377,-1.511983082706774,-1.28759398496241,1
20121003,0.5500292568753643,800785.0,-18.207489760093594,-10.214160327676982,-5.030544177881778,-2.417203042715055,-1.5904037448800572,-1.1515506143943763,1
20121004,0.06941230911615257,579539.0,-18.991959740860683,-11.08422026839424,-5.844516427579783,-3.3398889403054146,-2.4109208699676112,-1.4507172605275227,1
20121005,0.10322284665673061,751761.0,-19.53033604771187,-11.672554191994482,-6.415643995871055,-3.9259089345108404,-2.9017089115724293,-1.5070535611882017,1
20121008,-0.1480132073323414,412864.0,-19.96476147102355,-12.129454628259124,-6.871000796994149,-4.381190937037442,-3.1731754525788367,-1.6213139018558655,0
20121009,-0.25054094066734867,688748.0,-19.797631249288212,-11.930076301104666,-6.6657556087005885,-4.118551417833946,-2.6489010363284287,-0.9862202482633114,0
20121010,0.4591895304787116,816020.0,-19.00918379060955,-11.037079554586143,-5.722419928825582,-3.1046952129491237,-1.4223395706577777,0.19056365514865894,0
20121011,0.5270394133822109,367338.0,-19.02245646196149,-11.011228230980741,-5.690192483959629,-2.99094867094409,-1.105637030247467,0.18790100824929795,0
20121012,0.17247326664367676,351752.0,-18.586696562032852,-10.503966885132789,-5.167758997355359,-2.4071518914567984,-0.38174083017131616,0.4944233643785292,0
20121015,0.0,697838.0,-18.18056516724336,-10.044059976931937,-4.678892733563968,-1.8166089965397794,0.10380622837372275,0.5467128027681704,1
20121016,0.5165289256198217,847066.0,-18.422692837465554,-10.288223140495864,-4.959366391184555,-1.9610881542699732,-0.14921946740128036,-0.0964187327823891,1
20121017,0.369416769282434,456039.0,-20.278741744094926,-12.321952311653401,-7.084965856934922,-4.024963618045451,-2.1851561625433766,-2.070972797492453,0
20121018,-0.2839295854628052,394920.0,-18.96411130039749,-10.87257240204428,-5.541851220897182,-2.387847813742167,-0.5803520726859851,-0.4724588302101204,0
20121019,-0.36413290851159896,723579.0,-18.65037551206189,-10.538916704597163,-5.1552116522530405,-1.9868001820664327,-0.3095129722348559,-0.07282658170231332,0
20121022,-0.2647329650091963,783074.0,-17.571362799263344,-9.343922651933696,-3.886740331491667,-0.6929097605892904,0.7285911602210058,1.11878453038675,0
20121023,-0.8698637976422171,685708.0,-17.895387432757236,-9.668650566556032,-4.253862881996091,-1.0226622410438237,0.11331120521918707,0.6089046583495439,0
20121024,-0.15086457003597012,711397.0,-16.62005338284786,-8.22072647092957,-2.7749796913078772,0.525705001740765,1.398398514564248,1.2765463618428787,1
20121025,0.9778812572758896,515376.0,-16.23387660069851,-7.736204889406313,-2.33457508731082,1.019790454016287,1.556461001164148,1.0942956926658878,0
20121026,-0.10361501266406103,691452.0,-17.019801980198004,-8.55445544554456,-3.2514390973980847,0.08289201013124883,0.4213677181671652,-0.2578862537416576,0
20121031,0.24249422632795378,990521.0,-16.62863741339491,-8.088337182448047,-2.799076212471107,0.46535796766744325,0.711316397228637,-0.023094688221688003,1
20121101,4.919561669386803,1894242.0,-15.69410118908837,-7.015621356959681,-1.7323385404523082,1.464210771741665,1.5178363254838037,0.5619025413849373,0
20121102,1.0055993600731292,854615.0,-17.192092332304888,-8.663009941720981,-3.4745743343617845,-0.42395154839449606,-0.6970631927779838,-1.1198720146269043,0
20121105,-0.011524720525516775,579179.0,-16.31975337098076,-7.689408781837074,-2.4584533825054606,0.444277976259068,0.0023049441051000794,-0.07606315546848277,1
20121106,0.03469010175763313,547215.0,-15.887546253469035,-7.18177613321003,-1.9586031452359043,0.74005550416278,0.17576318223865264,0.17113783533764584,1
20121107,0.0,697720.0,-16.62382749942808,-7.956074124914244,-2.8117135666895594,-0.36662091054679685,-0.8396247998169694,-0.7183710821322353,0
20121108,-0.4020215943027895,574628.0,-16.107684355616858,-7.356880312428257,-2.3225361819435264,0.002297266253137064,-0.46519641626464636,-0.013783597518952969,0
20121109,-0.5009319664492158,646146.0,-14.741612301957149,-5.844012115563865,-0.8613699906803394,1.349603914259091,0.9109972041006482,1.018173345759547,0
20121112,0.4465859677987959,761741.0,-13.828475731578344,-4.82806440239749,0.06440239746149486,2.1142319896580166,1.7052532612528,1.513691385591739,0
20121113,-0.375498709223179,856809.0,-13.803508566064307,-4.799694907298789,-0.015019948368925827,1.8557850269889926,1.3576625205350814,1.0631307204881553,0
20121114,0.16560208185474398,722327.0,-12.963804116394634,-3.8616039744499995,0.8599479536314047,2.547314880529936,1.9292642536077431,1.1947007333806374,0
20121115,-0.180701120346953,1014881.0,-11.22003373087583,-1.9266353451391733,2.75798096614864,4.189856643777851,3.4742802072039516,2.084086254668117,1
20121116,-0.2534089537830433,582629.0,-10.923735972004389,-1.6178351635091428,2.926752745263644,3.9761071557861896,3.0891758175455557,1.5397610715578571,1
20121119,0.40738078121256105,713241.0,-11.406841600766871,-2.1736161035226753,2.208483105679346,2.9660915408579265,1.9638150011982078,0.4313443565780178,1
20121120,-0.2472333411820035,358586.0,-12.797680715799423,-3.7159171179656587,0.4753943960442378,0.998940428537793,0.005886508123375857,-1.384506710619263,1
20121121,0.176056338028159,405820.0,-12.904284037558735,-3.846948356807553,0.20798122065725932,0.5921361502347503,-0.5598591549295819,-1.5305164319249018,1
20121123,0.5983106522759328,251450.0,-12.783845612388589,-3.7387376818395555,0.19990614734866352,0.4199906147348544,-0.8200375410605161,-1.0534960112623137,1
20121126,-0.3601301115241662,581995.0,-13.470085966542786,-4.536826208178485,-0.7032992565056128,-0.5651719330855095,-1.7599907063197033,-1.2732342007434987,1
20121127,0.06938020351526626,865143.0,-13.704902867715132,-4.843432007400613,-1.0589731729879954,-0.9915587419056613,-2.053654024051816,-1.031452358926931,1
20121128,-0.32014635261832486,616221.0,-14.504802195289312,-5.770180654013294,-2.0617425108621132,-2.0666590441344503,-2.895037731534412,-1.5641436085067402,1
20121129,0.17221584385764144,555632.0,-13.984328358208995,-5.2483352468427515,-1.5336394948335155,-1.633180252583237,-2.199770378874853,-0.7210103329506153,1
20121130,0.11386927806878676,715059.0,-14.517934411295885,-5.879412434525221,-2.1944887269415028,-2.3235026189933894,-2.453882942382147,-0.9473923935322178,1
20121203,0.3402517863218749,857863.0,-14.697062492911467,-6.109220823409369,-2.4625155948735546,-2.673811954179428,-2.2399909266190248,-0.8665078824997117,0
20121204,-0.30678332007727555,579585.0,-14.381149869333084,-5.789228496761782,-2.1892966708328925,-2.426428814907421,-1.5452789455743658,-0.338597886603797,1
20121205,0.1584786053882732,762184.0,-14.542110029431795,-5.987548109576685,-2.459814353633706,-2.6856463663119787,-1.5281865519583202,-0.5116594973964208,0
20121206,-0.03410253495509962,679040.0,-14.024781175400747,-5.446970558144861,-1.9593043082869213,-2.2450835512106337,-0.799136069114458,0.10458110719563346,1
20121207,0.27297543221109516,622396.0,-13.811078252957271,-5.266606005459535,-1.8007279344859022,-2.1405823475887065,-0.4378980891719642,0.18425841674250015,1
20121210,0.12420957542908698,479058.0,-14.263380758807628,-5.821138211382155,-2.3902439024390056,-2.69421860885275,-0.8773712737127383,-0.45167118337849077,1
20121211,0.1358849507417105,755835.0,-13.850922885290492,-5.429056731966962,-1.9900351036122472,-2.2364398142905606,-0.38953685879289807,-0.10191371305628288,1
20121212,-1.069399576695994,969672.0,-15.075916230366518,-6.829898629831817,-3.4497048011585028,-3.573019939846285,-1.7522557647321018,-1.4080427759830632,0
20121213,0.045034902049095084,604000.0,-13.994032875478519,-5.700180139608212,-2.335059671245197,-2.3007205584327792,-0.5077685206034602,-0.16212564737670712,0
20121214,-0.20424373085214187,613613.0,-13.153353001248174,-4.822421422898008,-1.502099171678193,-1.2453194145013011,0.30636559627823695,0.6671961874503505,0
20121217,0.42232621846821655,1001709.0,-12.470722520260264,-4.120077616710454,-0.8681657345051895,-0.3886542632119525,0.8378039036639754,1.047825590685986,1
20121218,0.3865393360618502,696887.0,-12.65950432014554,-4.349818099135984,-1.2280582082764626,-0.5292178262846814,0.4308776716689299,0.566166439290592,1
20121219,-0.044553352639793105,516198.0,-14.262419247048372,-6.14401871240815,-3.1726442414791536,-2.2761194029850684,-1.4446424593450624,-1.4702606371129352,1
20121220,-0.056236643797095,549961.0,-13.25750759194693,-5.10156337869757,-2.20087729164322,-1.1112360814306599,-0.37453604768868815,-0.4858846024069308,1
20121221,-0.9539656128674424,1433042.0,-14.272767609539672,-6.291292290626763,-3.494176372712152,-2.1991125901275983,-1.4975041597338024,-1.4065446478092074,1
20121224,-0.3963011889035661,327990.0,-14.744275649493641,-6.8693306913254375,-4.145090268604139,-2.679986789960385,-1.9947159841479811,-1.4442976662263451,0
20121226,0.08853474988932968,466271.0,-14.11487383798142,-6.236277113767179,-3.567729083665304,-1.948317839752111,-1.247233289065969,-0.38955289951306316,0
20121227,-0.20107238605897299,475213.0,-13.14197944593389,-5.237488829311927,-2.605898123324404,-0.9132037533512173,-0.34852546916889815,0.4870420017873021,0
20121228,0.4593837535013967,470991.0,-12.713613445378172,-4.828235294117684,-2.2541176470588327,-0.4929971988795652,0.0011204481792770585,0.8672268907563035,0
20121231,-1.4476489731792237,2247646.0,-12.413870497138383,-4.5688474918640125,-2.0558859836157484,-0.2642801032431846,0.2682078330153791,0.792279205476381,0
20130102,0.9945329766197558,4038003.0,-9.05914854018844,-1.0051180644410764,1.4432941723857409,3.2505525183203274,3.739676631383028,3.3407002442712574,0
20130103,0.19036287923854442,2539587.0,-6.831826293872706,1.3094586555621655,3.6654372397382806,5.373587150505644,5.644259369422962,4.1998810232004775,1
20130104,0.19818139426439926,1282185.0,-8.553450687806041,-0.6537654464910405,1.5257635812543608,3.0992072744229135,3.047330380041956,1.2263930986243792,0
20130107,-0.2581250733309854,947236.0,-7.808048809104802,0.05807814149943253,2.1422034494896174,3.603778012436935,3.2805350228792585,0.9362900387187465,1
20130108,0.011678150181017302,859675.0,-8.080345673245379,-0.3419362373000612,1.6244306901786656,2.9861030012845826,2.2702323951886054,-0.3480088753941397,1
20130109,0.3002656195865468,886146.0,-8.966970781845509,-1.3695576856450142,0.5074488971012892,1.730569349809422,0.6455710821110954,-1.3096200485044465,1
20130110,0.29751687836137447,930886.0,-9.679196704428447,-2.1891520768967028,-0.3785330129305209,0.7466529351184384,-0.615631079070828,-1.44867833848267,0
20130111,-1.2735956333864051,2650770.0,-10.115192176483989,-2.70832385717539,-0.9770297930407111,0.012508528542182944,-1.4168751421423804,-1.5738003183989089,0
20130114,-0.2752183798013519,1322363.0,-5.309261696781172,2.4268278090223365,4.128515017350735,4.928203900921398,3.0585138207490865,3.1757807825774926,1
20130115,-0.2023568622783022,1711988.0,-5.7018212117605325,1.939531008213262,3.5410070229734574,4.133436495655258,1.9116771812879352,2.2497321747411028,1
20130116,0.12903225806451546,1187537.0,-6.960234604105603,0.5331378299119687,1.9819354838709495,2.480351906158349,0.3448680351906122,0.44809384164221794,0
20130117,0.47354090209542526,1266770.0,-5.9983426068427175,1.5333254409849078,2.869184325796133,3.220078134248828,1.3211791168462172,0.6842666035278833,1
20130118,0.3550295857988132,1138526.0,-5.928402366863959,1.5622485207100045,2.785798816568063,2.8710059171597657,1.1337278106508857,-0.16568047337278174,1
20130122,0.011701380762936014,1490507.0,-6.878481160777003,0.5012871518838848,1.5853030657617901,1.5135736016849926,0.02457289960215399,-0.8448396910835577,1
20130123,-0.3460004691531805,1227090.0,-6.553014309172002,0.7604973023691513,1.7813746188130408,1.464930799906147,0.2158104621158779,-0.31902416138869993,1
20130124,1.0279172993809083,803128.0,-6.82735661721766,0.38243195888327164,1.3598878635673664,0.7446559981310297,-0.30837518981428574,-0.6424483121130842,0
20130125,0.16218721037998213,2299394.0,-7.485113531047303,-0.4033827618165197,0.554680259499561,-0.31800278035218177,-1.2523169601482727,-1.0310472659870258,0
20130128,0.1188777936281435,1213758.0,-4.961186400380459,2.225392296718939,3.1583452211127008,1.9680218735140147,0.8761293390394612,1.4669519733713676,1
20130129,0.6049822064057,1389679.0,-5.055160142348803,2.0397390272834737,2.9323843416370208,1.4567022538552723,0.7473309608540871,0.9750889679715334,1
20130130,-0.32041945819983186,1392259.0,-6.632420623361535,0.27829886396735815,1.1690066996795756,-0.5374308185260784,-0.8313428488202694,-0.6874453830469017,1
20130131,-0.4784688995215271,1340110.0,-6.37656085891005,0.46685727622825673,1.394211693313119,-0.39707083673707255,-0.6237600653518429,-0.512311821682802,1
20130201,0.3475440222428306,1324725.0,-6.949403382761841,-0.22874189063946856,0.7204587581093731,-0.9925278035217691,-1.1347312326227843,-1.2384151992585595,0
20130204,-1.2126387702818078,1051353.0,-8.424366638201006,-1.8824935952177644,-0.9398235126672219,-2.572729860518079,-2.450327355536596,-2.0871050384287075,0
20130205,-0.4269559196861185,1042661.0,-7.08302561735521,-0.5273482575582829,0.4255711977844534,-1.1804754211862571,-1.0004615739672333,-0.2261712439418393,1
20130206,-0.21939953810623294,848671.0,-6.909468822170929,-0.4235565819861571,0.5265588914549689,-1.0560046189376489,-0.7771362586605103,0.02193995381062986,1
20130207,0.022972662531582838,714854.0,-7.292556857339799,-0.9015621410521402,0.017918676774678035,-1.5518033540087122,-1.1348495290604177,-0.1918217321387567,1
20130208,0.17219607392952094,567360.0,-7.2444036275973165,-0.8997818849730057,-0.025025829411055574,-1.6243829640684264,-1.1009068993227153,-0.06773045574562243,0
20130211,-0.2746938308343929,812960.0,-7.41770630651257,-1.1427263362710356,-0.3245965434359374,-1.9497539201098837,-1.023234519858081,-0.4692686276754158,0
20130212,0.13855213023900767,739132.0,-6.501270061193881,-0.21891236577760587,0.5387368664126705,-0.9138667590347526,0.11199630527655308,0.3925643690105108,0
20130213,0.35001207139266605,682651.0,-5.458544388318653,0.8444131612003518,1.5104962800283463,0.1925532919912526,1.1180208980883055,1.2107315263955214,1
20130214,-0.6108805901337034,724341.0,-6.499481904103314,-0.2964511295527998,0.28446058091289383,-0.898461272475812,0.052431996311665424,-0.04843245735361195,0
20130215,-0.19664545980335651,1217125.0,-6.1049745517640535,0.0918438403701505,0.6079791787160562,-0.42857721226144907,0.42624638519374686,0.15729323308271084,0
20130219,2.6423957721667644,1956262.0,-4.613447445684129,1.6317075748678602,2.069052260716415,1.1297651203757926,1.6453200234879541,1.1649794480328974,0
20130220,-0.14177693761815283,1069079.0,-3.9796792296786476,2.2516528827977673,2.6053851606805916,1.6906840737240196,2.0191280718336655,1.3090500945179726,0
20130221,-0.19256228186303595,1789155.0,-2.1376224575761222,4.155372487664008,4.403174870622283,3.4570886990010665,3.4998074377181347,2.561078348778433,1
20130222,-0.011943150603135215,1177175.0,-2.8289149647677068,3.365100919622649,3.4897862176042405,2.5540367849038477,2.3109876985548774,1.053385883195976,0
20130225,0.17992083483266338,1247692.0,-2.3513859901643155,3.8177989684539386,3.8181576106513355,2.8199532205829576,2.304174163368122,0.7508696173683637,1
20130226,-0.03603170790295596,1345682.0,-2.1712112659139837,3.949194090799958,3.7989406677876723,2.9041496516934955,1.9457002161902488,0.4299783809752631,1
20130227,0.10611956137248368,864756.0,-3.8944116259874906,2.0450406791652553,1.807331682584617,1.053525527650043,-0.12971347718429738,-1.365405022992573,1
20130228,0.13982754602657255,1196455.0,-4.948089606152389,0.8522477278024224,0.5553460731764439,-0.13604637613609616,-1.2957352598461838,-1.890002330459084,0
20130301,-0.011739845034051555,873030.0,-4.161364756985194,1.6068314158253356,1.253813101667078,0.5843449166470774,-0.7396102371448809,-0.8123972763559606,1
20130304,0.05847953216373936,740308.0,-4.44555614035086,1.2155543859649451,0.8173076023391938,0.15993567251460886,-1.222222222222224,-0.6853801169590625,1
20130305,0.0812253423067918,863179.0,-5.1160948015780825,0.4051972615456172,-0.061733580877215886,-0.7258122534230725,-1.8821072174518445,-0.7913669064748226,1
20130306,0.13879250520472422,1157456.0,-5.336456743002511,0.06419037705301892,-0.44205644228542473,-1.0588769373120472,-1.9893592412676206,-0.7309738607448425,1
20130307,0.2073016238627281,823434.0,-5.6547857883219885,-0.3734895773349797,-0.9427640216514686,-1.4672405850512524,-1.9762754808245928,-0.9213405505009757,1
20130308,-0.01152737752161973,809176.0,-5.476830547550393,-0.285764841498525,-0.945708357348672,-1.3942420749279623,-1.537752161383289,-0.4680115273775284,1
20130311,-0.35412382910669665,1159758.0,-6.229095841900845,-1.1826604980580189,-1.9040461503312494,-2.2595442083619033,-1.9499657299520308,-0.9001599268905767,1
20130312,0.4187889077532593,1354299.0,-6.987436898698343,-2.073006225240508,-2.8298834182229626,-3.1001754385964984,-2.2727787209960497,-1.3174872665534823,1
20130313,-0.25504546462630734,1516368.0,-8.768519072965175,-4.021624528720333,-4.7811066755378056,-4.868601685517842,-3.6604568640496957,-2.495009980039936,1
20130314,-0.03275109170305801,1131883.0,-10.068231986899528,-5.460590611353701,-6.202840611353671,-6.023471615720507,-4.5229257641921095,-2.9650655021834,0
20130315,-0.4280540006585452,1176678.0,-9.483756448249345,-4.9326100318296415,-5.585558116562375,-5.279332674788704,-3.3585775436285834,-1.4861156843376129,0
20130318,-1.4199890770070969,949065.0,-9.815620425996718,-5.351284543965033,-5.875480065537957,-5.456034953577285,-3.162206444565807,-1.0835608956854226,0
20130319,0.3426171529619831,829184.0,-8.656443965517214,-4.203250442086646,-4.658490274093736,-4.043435013262619,-1.541777188328908,0.5570291777188383,0
20130320,0.05567928730511933,817035.0,-7.868541759465447,-3.445324053452071,-3.8347461024498557,-3.029510022271716,-0.4242761692650179,1.2338530066815032,1
20130321,0.011132138483808434,825674.0,-7.7962824223533,-3.4501847934988117,-3.773351886897453,-2.68674162306579,-0.12356673717021507,0.8059668262273225,1
20130322,0.23307436182020863,628237.0,-7.959933962264111,-3.6958945615981884,-3.983798002219732,-2.6248612652608,-0.05105438401774946,0.27968923418425035,1
20130325,0.6207049434715166,845134.0,-7.965085901130549,-3.7761039680780017,-4.048771890933284,-2.374750609620909,0.11305697184661725,-0.14852582575925552,1
20130326,0.4716981132075547,1084590.0,-8.794537626151772,-4.721150724001732,-4.967531812198317,-2.94811320754717,-0.6110136024572205,-1.0289600702062178,0
20130327,-0.20872239920904945,822925.0,-8.548830605294906,-4.536417664506181,-4.667913874546834,-2.467867735911251,-0.37570031857629216,-0.6173788860815246,1
20130328,0.09885764499120077,802044.0,-8.438544046572922,-4.489126757469241,-4.523947715289962,-2.191893673110728,-0.4481546572934987,-0.36247803163444453,1
20130401,0.1844618055555574,663520.0,-9.435438910590262,-5.599393446180549,-5.534290364583321,-3.0018446180555642,-1.5440538194444464,-1.12630208333333,1
20130402,2.82498105855612,1405360.0,-9.539074033986353,-5.773569650395072,-5.598010607208564,-2.8704405238662356,-1.6982357397986825,-0.9026950968719593,1
20130403,-0.11388342478517385,1322125.0,-13.331556579356032,-9.766125892949589,-9.45253338854955,-6.555026400248479,-5.340097318562999,-4.087379645926072,0
20130404,0.47283807922665005,847912.0,-11.894925396658586,-8.33834296522014,-7.897448775874766,-4.703162761374396,-3.363454870232209,-1.7862771881895583,1
20130405,-0.6263701847792134,1018595.0,-12.320284476458912,-8.840485436893216,-8.273725858649163,-4.85228103142293,-3.366739743188233,-1.4302119219125216,1
20130408,0.18528049408130992,1000847.0,-13.40283118888315,-10.000206896551731,-9.320228512609384,-5.648996397323755,-3.9938239835306324,-1.7828100874935657,1
20130409,0.17299277500763377,1026202.0,-14.242190393812923,-10.89182965299683,-10.110513890302245,-6.178386079169664,-4.268851124453045,-1.7055052406634656,0
20130410,0.0921093030396105,910324.0,-13.611094565551113,-10.253301606795606,-9.317165080339812,-5.161702998669542,-3.049841367311436,-0.9129055367925307,0
20130411,0.16479555052013242,745584.0,-12.919765681326592,-9.550933154804813,-8.474613245442391,-4.2002265938819825,-1.8065712225769952,0.11535688536410442,0
20130412,-0.2762430939226479,462220.0,-13.354307857581318,-10.00174033149171,-8.839474114999007,-4.523224882340911,-1.7740945365254848,-0.1514221403724272,0
20130415,0.02055498458375747,708702.0,-12.827390030832458,-9.44645529290856,-8.188594039054466,-3.7733812949640377,-0.8016443987667021,0.3309352517985494,0
20130416,0.29115108661744943,557673.0,-11.676406883643523,-8.25028699178537,-6.904962046376206,-2.4025163772486273,0.7569928252053597,1.073099719247148,1
20130417,-0.48463600742421,814225.0,-12.280986285832128,-8.892453083109952,-7.493712105588784,-2.8825531037327474,-0.0443390389771299,0.07836667354092947,1
20130418,-0.24527337761879908,541036.0,-12.925396525293825,-9.573225344915704,-8.08748288196217,-3.334695963208984,-0.6591722023505325,-0.6561062851302973,1
20130419,0.22743719631965145,668896.0,-11.790241393569733,-8.407423756848994,-6.813813708260123,-1.8587821771942539,0.5882352941176497,0.28533030083737854,1
20130422,-0.10152284263958815,584209.0,-13.250558883248715,-9.927209137055867,-8.25604263959393,-3.195939086294398,-1.0822335025380592,-1.2730964467004982,1
20130423,0.6027173357850684,811851.0,-12.592093676575725,-9.249362549800832,-7.4640943916641405,-2.2009398304218863,-0.5046480743691897,-0.30646644192460637,0
20130424,0.27330701488004455,575198.0,-13.269309140601274,-9.96143435570405,-8.075920639740888,-2.7057394473124825,-1.3017511893916545,-0.8482639943314182,0
20130425,0.4171329738528808,554051.0,-12.712534845864273,-9.389562519076257,-7.370639943025754,-1.8414894699359061,-0.6775867331366476,-0.2543493743005392,1
20130426,0.15169902912621935,1352431.0,-13.112712884304182,-9.818366707119765,-7.65756472491909,-2.0307443365695748,-1.154935275080902,-0.4146440129449804,1
20130429,4.197604197604193,5205729.0,-14.81858281358281,-11.59291258291263,-9.322641322641331,-3.658548658548654,-2.8719928719928682,-2.017622017622014,1
20130430,0.0284414106939715,2545552.0,-18.283276924535457,-15.17377796738724,-12.804512703830143,-7.120781190747056,-6.105422828972315,-4.730754645430409,0
20130501,-1.0121074536511474,2788941.0,-18.3224087211502,-15.201949489216851,-12.613318199016286,-6.899829738933031,-5.491865304578129,-3.6360196746121773,1
20130502,2.430156907768854,2698297.0,-17.24440346345198,-14.070035399923503,-11.229621125143515,-5.383658629927282,-3.7686567164179174,-1.3375430539609607,0
20130503,-0.1030444964871189,1339460.0,-18.832834192037485,-15.688712880562095,-12.64074941451992,-6.846838407494143,-4.840281030444967,-1.9241217798594865,1
20130506,0.1502770733539932,1211420.0,-18.481168873861197,-15.29877054569365,-11.983845214614439,-6.164177702639243,-3.8414576876115367,-0.6405560251713985,1
20130507,0.5228758169934662,1884760.0,-18.821242296918754,-15.621569561157795,-12.058450046685309,-6.303921568627445,-3.547152194211011,-0.9225023342670398,0
20130508,-0.11195074167366784,1046371.0,-18.750676835525717,-15.529901110178216,-11.6857915850359,-5.940386230058768,-2.8444817613583284,-0.731411512267941,0
20130509,-2.283105022831053,846912.0,-18.70026139222814,-15.452055726400154,-11.365203615692836,-5.569378436306031,-2.1125710558195845,-0.32243034199980375,1
20130510,0.7964021362316072,7933956.0,-18.11374543239953,-14.818327555513926,-10.491708048346283,-4.635060432867974,-0.845123208095181,0.2154970486273812,1
20130513,-0.576489263931822,3666254.0,-26.79605689698387,-23.77374968669062,-19.60698471050211,-14.025816693123911,-10.020887292171443,-8.426769153646921,1
20130514,-0.11623080116230848,3638531.0,-27.06766334578664,-23.984973848069732,-19.533914487339118,-13.560398505603985,-9.345786633457859,-6.78787878787879,1
20130515,-0.12313249055983538,1730105.0,-27.703004843211282,-24.576835494992608,-19.853718601214883,-13.512969955672283,-9.043670989985198,-5.434247250041037,1
20130516,0.20969433018792252,2530888.0,-28.7823618840229,-25.613921283974527,-20.651020243568027,-13.972497782079202,-9.065247197354621,-4.398741834018879,1
20130517,-0.21030494216613357,1314108.0,-28.39743630186846,-25.12650732022973,-19.82463803283992,-12.63406940063093,-7.435088570735264,-1.3863948879721855,1
20130520,1.8651362984218105,6231204.0,-29.255460306073633,-25.942691694564008,-20.377012593655348,-12.833970986768705,-7.271640363462462,-1.9049896381316644,1
20130521,-0.06294751750727696,2527485.0,-29.969116767644955,-26.603510110945,-20.77582815327719,-12.80313163899599,-6.888032103233921,-2.1181839641199205,1
20130522,-0.2613575217157379,2682998.0,-31.387232300714874,-27.984242447536346,-21.961103851179935,-13.6109616419402,-7.2749634868168185,-3.1040049196710053,0
20130523,-0.6998923242578038,1589219.0,-31.151438624826937,-27.631903553299512,-21.306260575296093,-12.344254730041518,-5.478387940316867,-2.1242885709890786,0
20130524,-0.3195386174109552,1726369.0,-30.042982230535415,-26.361936715766536,-19.685293429974283,-10.029226093055867,-2.5368248772503947,-0.09040604785284502,0
20130528,0.1099764336213673,2162770.0,-29.299214846818515,-25.453025137470547,-18.479497250589148,-8.282796543597797,-1.1657501963864845,0.9913589945011899,0
20130529,-0.7687379884689252,1319712.0,-27.747758247917986,-23.68145499679693,-16.365951313260716,-5.728699551569527,1.1042600896860912,2.5944907110826465,1
20130530,0.10584595342778838,964020.0,-26.35718978993648,-22.099821690278468,-14.436573847907491,-3.4513922813874,2.881452532160899,3.131411822178813,1
20130531,0.0,804071.0,-26.988445527015042,-22.64546340285048,-14.8266366052017,-3.7245349867139197,1.7626217891939713,1.0548353329575668,0
20130603,0.25929827404586936,1195377.0,-26.35053925937929,-21.850418118466884,-13.744105015800981,-2.441050158009888,2.3879750425411252,0.8994408880965766,0
20130604,0.16993040945137397,1398365.0,-26.275125829422226,-21.658602524680365,-13.320925716135301,-1.8829907752063657,2.0949991908075614,0.15860171548794139,0
20130605,-0.5497709287796723,1895051.0,-23.940941690962088,-19.082966264056637,-10.275218658892134,1.5414410662224047,4.51062057476051,2.2990420658059065,1
20130606,-0.5140961857379688,975159.0,-24.118657131011602,-19.181178275290208,-10.196185737976792,1.6343283582089467,3.2470978441127665,1.4643449419568748,1
20130607,0.30330354947127186,645731.0,-24.809492991228783,-19.787114517583397,-10.7118616280023,1.0779572096073313,1.4124108533486344,-0.052463316665294656,1
20130610,0.34677419354839256,910428.0,-25.850403629032236,-20.764839516129012,-11.6275806451613,0.13588709677416622,-0.579032258064519,-1.5774193548387008,1
20130611,0.10401664266282241,1100968.0,-26.246839894383083,-21.068251720275214,-11.795327252360387,-0.4376700272043844,-1.5442470795327308,-2.1251400224035892,0
20130612,0.3118004477134638,715950.0,-26.11920410936998,-20.80668452190595,-11.343140390150305,-0.33218740006397734,-1.6069715382155576,-1.3991045730732332,1
20130613,-0.2423067603586117,1069632.0,-25.18043817139161,-19.676844358290886,-9.994023099911162,0.7705354979403758,-0.5177287779662314,0.13084565059365652,1
20130614,-0.19767533802482803,727667.0,-26.564956511425606,-21.04198703249778,-11.392108800506051,-1.2508895390211068,-2.4298252550011807,-1.2667035660630896,0
20130617,0.7118563632049287,1144654.0,-26.370996203432707,-20.69137150992639,-10.8793798940125,-1.1089140235703447,-2.16008858656965,-0.8510638297872399,0
20130618,0.21608643457382634,574174.0,-25.329852340936355,-19.437135654261652,-9.378791516606643,0.04201680672269635,-0.8915566226490744,0.31852741096438264,0
20130619,-0.07170743367062657,754970.0,-25.493188192175896,-19.484344673731123,-9.349055852123332,-0.4672934427535549,-0.8987331686718303,-0.060552943988521554,0
20130620,-0.9045388467129626,1353526.0,-24.30778589888544,-18.06477225004034,-7.690033920206741,0.6380229365207725,0.7139395897270463,1.3051203359715715,0
20130621,0.9384602607756911,1279399.0,-22.002824100988256,-15.44448218586491,-4.688481023170818,3.089029150402799,3.4349306536002078,3.1675110040694356,0
20130624,-0.6171315724512466,1006213.0,-22.556488521352712,-15.929935818316418,-5.175347650785796,1.8600345593680752,2.278449765490007,1.4103513535752477,1
20130625,0.7561907927538611,791086.0,-21.635823915572498,-14.81066229017779,-3.8547448894797864,2.578112015954788,2.9042712315107115,1.6470001661957783,1
20130626,0.641289155635946,978131.0,-22.308435829976105,-15.423868289073377,-4.455808599851989,1.3565732138452733,1.5292279865164957,-0.06906190906847734,1
20130627,0.4132566242605989,1548923.0,-23.264930313588795,-16.355401507171187,-5.405558706749829,-0.08143586419253782,0.03241228425573799,-1.5768576290414165,1
20130628,-0.7543873580560652,1353453.0,-24.632137298499106,-17.717383467005448,-6.8525371237989265,-2.0118319701421568,-2.0122290161200715,-2.66973715556261,1
20130701,0.06321612011062687,1203615.0,-24.83160845515601,-17.80482101935991,-6.837613591465817,-2.367838798893727,-2.482813117344931,-2.353220071118131,0
20130702,0.039846987567737614,927080.0,-24.020840372967758,-16.797737488045865,-5.613165444692374,-1.4595951546063275,-1.6090213579853518,-0.7013069811922296,0
20130703,0.024232633279483953,692176.0,-22.820961631663923,-15.372294830371544,-3.913731825525045,0.029079159935357788,-0.4119547657512158,0.9967689822293979,1
20130705,1.77947509547413,721781.0,-22.1996835134476,-14.580239700983155,-2.949215893393989,0.7227594052165536,0.1178191273259204,1.5405866579995247,1
20130708,0.49853604494737314,819865.0,-24.0547206615494,-16.496241987813548,-5.039170689245861,-1.7341932420669388,-2.0250059349529255,-1.041386405001189,0
20130709,0.7272152399019853,898203.0,-23.960438305272294,-16.266382104181492,-4.707453956209004,-1.743735673069325,-1.7397834163307309,-1.157220773061417,0
20130710,0.20671012879631506,1052910.0,-23.348545476228313,-15.470186039115916,-3.7605342661790457,-1.1416759421211808,-0.7370011130545224,-0.5358562569565961,0
20130711,0.9822866344605465,1014806.0,-22.210749194846986,-14.090901771336542,-2.23478260869565,0.08051529790658624,0.7326892109500892,0.7938808373591016,1
20130712,0.2638522427440733,1131794.0,-22.588270968257753,-14.369313184616592,-2.605420964260004,-0.5652834412728935,0.16470776365235715,0.41256896138161925,0
20130715,0.4596608020288463,1440400.0,-23.10211642098587,-14.793390394674269,-3.118877793628162,-1.4514978601997301,-0.6966238706609643,-0.5008717704866104,0
20130716,0.4877268729511583,1029883.0,-22.253058687135173,-13.70152714479889,-1.966098984568633,-0.6312465019588948,0.06636283681138436,0.1519149276405195,0
20130717,-0.08136696501221198,1192593.0,-20.718958909682666,-11.859072416598845,0.03222131814481592,1.0398698128559736,1.6232709519934712,1.4515866558177313,1
20130718,0.22100351968568063,1200470.0,-20.084268232790375,-11.014815421134475,0.8766472947531995,1.506916591634614,2.0970778423508207,1.725464516657109,1
20130719,0.772573635924669,913417.0,-21.265371398680198,-12.181554804442305,-0.5453082246901757,-0.18268147432801354,0.4756156446161455,-0.11588604538869407,1
20130722,-0.19129603060736083,1841446.0,-21.85792324246771,-12.697513151602097,-1.2072373664913245,-0.9361549497847877,-0.5579467559381499,-1.1860353897656735,1
20130723,0.27356573393777894,753511.0,-23.20529193371892,-14.060575269657646,-2.790683132718467,-2.605909019853059,-2.373768954197285,-2.6528060028138123,0
20130724,-0.12652222046496647,1008984.0,-22.144393879487595,-12.72837260793927,-1.5459433813063406,-1.224102482998578,-1.1774474142021116,-0.9504981812430794,1
20130725,-0.6560746186072233,1759307.0,-22.01679748636473,-12.438700497984359,-1.4890522488340794,-1.0702711248122783,-1.0339103628171742,-0.3035333175243066,1
20130726,0.031080031080046984,3104221.0,-23.18251787101788,-13.59829059829059,-3.0584304584304474,-2.5481740481740474,-2.43589743589744,-1.3100233100233156,1
20130729,0.9797271836611736,2344135.0,-25.323385711055856,-15.847991559273487,-5.842339287060045,-5.223829979651798,-4.879041374632616,-3.1878815283744197,1
20130730,0.6433618445518848,1573599.0,-26.127482707326156,-16.595388620304938,-6.913945704722925,-6.170695425808816,-5.426552621792462,-3.486798066195603,0
20130731,-0.33173608551420347,1172424.0,-26.60206450423887,-16.97272392185771,-7.5871728713600985,-6.625875414670085,-5.323258385551032,-2.985624769627727,1
20130801,0.4023245417970437,946520.0,-25.645209730293537,-15.740351661451339,-6.49634927730588,-5.242884815973747,-3.416778423483821,-0.8031589926985568,1
20130802,0.16940413935331056,1023275.0,-26.314355527730722,-16.353023495617578,-7.480150254106177,-5.856963983206882,-3.671650585549079,-0.894159239891012,1
20130805,0.0515957838873897,786877.0,-26.079568438121914,-15.956069875433023,-7.328665143362543,-5.444829365371817,-2.8480872705830147,-0.3818088007665665,0
20130806,-0.13171374213376763,744918.0,-26.433814210449285,-16.235182204009952,-7.877798917020332,-5.758451631786908,-2.9138006732035495,-0.7800380506366182,0
20130807,0.007375175160403352,986575.0,-25.682683457482124,-15.246109595102897,-7.028541927870776,-4.6529980087027045,-1.4742975145659674,-0.005900140128335258,0
20130808,0.19193857965450384,659880.0,-25.436365347704132,-14.840617156356139,-6.783109404990394,-4.145873320537417,-0.7190314483980433,0.27314336335447814,0
